-0.569864 0.157633 0.054057 0.500000 
-0.639399 0.192801 0.056810 0.500000 
-0.696990 0.230572 0.058692 0.500000 
-0.744393 0.270664 0.059707 0.500000 
-0.782704 0.312783 0.059881 0.500000 
-0.812518 0.356626 0.059253 0.500000 
-0.832902 0.401877 0.057880 0.500000 
-0.854058 0.448209 0.055828 0.500000 
-0.781763 0.495279 0.053173 0.500000 
-0.167718 0.542728 0.049998 0.500000 
-0.243606 0.590178 0.046385 0.500000 
-0.209303 0.637232 0.042420 0.500000 
-0.173862 0.683476 0.038190 0.500000 
-0.136004 0.728473 0.033780 0.500000 
-0.097521 0.771773 0.029275 0.500000 
-0.058501 0.812910 0.024763 0.500000 
-0.018720 0.851408 0.020337 0.500000 
0.022285 0.886787 0.016090 0.500000 
0.065159 0.918567 0.012123 0.500000 
0.110787 0.946275 0.008544 0.500000 
0.160525 0.969446 0.005459 0.500000 
0.216956 0.987629 0.002977 0.500000 
0.284430 1.000367 0.001206 0.500000 
0.389024 1.007124 0.000256 0.500000 
0.389113 1.007124 -0.000256 0.500000 
0.284463 1.000367 -0.001206 0.500000 
0.216954 0.987629 -0.002977 0.500000 
0.160500 0.969446 -0.005459 0.500000 
0.110744 0.946275 -0.008544 0.500000 
0.065101 0.918567 -0.012123 0.500000 
0.022215 0.886787 -0.016090 0.500000 
