1.092706 0.001249 0.004356 0.500000 
0.789987 0.006216 0.012848 0.500000 
0.430707 0.015936 0.020805 0.500000 
0.136399 0.030060 0.028126 0.500000 
-0.084875 0.048306 0.034790 0.500000 
-0.251628 0.070428 0.040764 0.500000 
-0.381461 0.096188 0.045998 0.500000 
-0.485500 0.125340 0.050443 0.500000 
-0.018802 0.851408 -0.020337 0.500000 
-0.058595 0.812910 -0.024763 0.500000 
-0.097631 0.771773 -0.029275 0.500000 
-0.136135 0.728473 -0.033780 0.500000 
-0.174029 0.683476 -0.038190 0.500000 
-0.209486 0.637232 -0.042420 0.500000 
-0.243671 0.590178 -0.046385 0.500000 
-0.156143 0.542728 -0.049998 0.500000 
-0.795657 0.495279 -0.053173 0.500000 
-0.852959 0.448209 -0.055828 0.500000 
-0.833035 0.401877 -0.057880 0.500000 
-0.812590 0.356626 -0.059253 0.500000 
-0.782758 0.312783 -0.059881 0.500000 
-0.744438 0.270664 -0.059707 0.500000 
-0.697027 0.230572 -0.058692 0.500000 
-0.639451 0.192801 -0.056810 0.500000 
-0.569982 0.157633 -0.054057 0.500000 
-0.485603 0.125340 -0.050443 0.500000 
-0.381578 0.096188 -0.045998 0.500000 
-0.251721 0.070428 -0.040764 0.500000 
-0.084957 0.048306 -0.034790 0.500000 
0.136325 0.030060 -0.028126 0.500000 
0.430643 0.015936 -0.020805 0.500000 
0.789940 0.006216 -0.012848 0.500000 
1.092689 0.001249 -0.004356 0.500000 
