0.306984 0.000309 0.002191 0.500000 
0.029737 0.001558 0.006547 0.500000 
-0.146865 0.004059 0.010818 0.500000 
-0.261066 0.007778 0.014954 0.500000 
-0.336096 0.012661 0.018935 0.500000 
-0.386544 0.018662 0.022756 0.500000 
-0.421457 0.025741 0.026416 0.500000 
-0.446475 0.033865 0.029916 0.500000 
-0.465183 0.043003 0.033251 0.500000 
-0.479803 0.053124 0.036416 0.500000 
-0.491642 0.064200 0.039406 0.500000 
-0.501467 0.076201 0.042214 0.500000 
-0.509745 0.089096 0.044835 0.500000 
-0.516784 0.102855 0.047260 0.500000 
-0.522802 0.117447 0.049485 0.500000 
-0.527963 0.132841 0.051505 0.500000 
-0.532399 0.149003 0.053313 0.500000 
-0.536213 0.165902 0.054908 0.500000 
-0.539505 0.183503 0.056285 0.500000 
-0.542387 0.201773 0.057445 0.500000 
-0.544880 0.220676 0.058385 0.500000 
-0.547030 0.240178 0.059107 0.500000 
-0.548789 0.260242 0.059614 0.500000 
-0.550056 0.280832 0.059907 0.500000 
-0.551807 0.301911 0.059991 0.500000 
-0.553534 0.323440 0.059871 0.500000 
2.610894 0.554614 -0.049171 0.500000 
2.611008 0.530841 -0.050879 0.500000 
2.607761 0.507093 -0.052472 0.500000 
2.603012 0.483418 -0.053940 0.500000 
2.597496 0.459860 -0.055272 0.500000 
2.592576 0.436466 -0.056459 0.500000 
2.590000 0.413278 -0.057490 0.500000 
2.591562 0.390341 -0.058355 0.500000 
2.598703 0.367694 -0.059046 0.500000 
2.611345 0.345381 -0.059554 0.500000 
2.627072 0.323440 -0.059871 0.500000 
2.643043 0.301911 -0.059991 0.500000 
2.658529 0.280832 -0.059907 0.500000 
2.672574 0.260242 -0.059614 0.500000 
2.685019 0.240178 -0.059107 0.500000 
2.695875 0.220676 -0.058385 0.500000 
2.705185 0.201773 -0.057445 0.500000 
2.712946 0.183503 -0.056285 0.500000 
2.719043 0.165902 -0.054908 0.500000 
2.723181 0.149003 -0.053313 0.500000 
2.724937 0.132841 -0.051505 0.500000 
2.723679 0.117447 -0.049485 0.500000 
2.718746 0.102855 -0.047260 0.500000 
2.709245 0.089096 -0.044835 0.500000 
2.694484 0.076201 -0.042214 0.500000 
2.674665 0.064200 -0.039406 0.500000 
2.650765 0.053124 -0.036416 0.500000 
2.614266 0.043003 -0.033251 0.500000 
2.558651 0.033865 -0.029916 0.500000 
2.480567 0.025741 -0.026416 0.500000 
2.367018 0.018662 -0.022756 0.500000 
2.199715 0.012661 -0.018935 0.500000 
1.959064 0.007778 -0.014954 0.500000 
1.629024 0.004059 -0.010818 0.500000 
1.211733 0.001558 -0.006547 0.500000 
0.734813 0.000309 -0.002191 0.500000 
