-0.552161 0.345381 0.059554 0.500000 
-0.552212 0.367694 0.059046 0.500000 
-0.552970 0.390341 0.058355 0.500000 
-0.553992 0.413278 0.057490 0.500000 
-0.555041 0.436466 0.056459 0.500000 
-0.556114 0.459860 0.055272 0.500000 
-0.557183 0.483418 0.053940 0.500000 
-0.558204 0.507093 0.052472 0.500000 
-0.559136 0.530841 0.050879 0.500000 
-0.559949 0.554614 0.049171 0.500000 
-0.560633 0.578364 0.047359 0.500000 
-0.561193 0.602041 0.045454 0.500000 
-0.561643 0.625594 0.043467 0.500000 
-0.562001 0.648971 0.041407 0.500000 
-0.562284 0.672120 0.039287 0.500000 
-0.562504 0.694986 0.037116 0.500000 
-0.562674 0.717513 0.034905 0.500000 
-0.562798 0.739645 0.032666 0.500000 
-0.562881 0.761324 0.030408 0.500000 
-0.562921 0.782493 0.028143 0.500000 
-0.562916 0.803091 0.025881 0.500000 
-0.562859 0.823059 0.023635 0.500000 
-0.562732 0.842339 0.021416 0.500000 
-0.562508 0.860868 0.019235 0.500000 
-0.562136 0.878587 0.017105 0.500000 
-0.561513 0.895437 0.015039 0.500000 
-0.560456 0.911357 0.013049 0.500000 
-0.558633 0.926287 0.011149 0.500000 
-0.555509 0.940170 0.009353 0.500000 
-0.550379 0.952947 0.007673 0.500000 
-0.542785 0.964561 0.006124 0.500000 
-0.533405 0.974956 0.004718 0.500000 
-0.524750 0.984075 0.003471 0.500000 
-0.520384 0.991863 0.002395 0.500000 
-0.521187 0.998262 0.001503 0.500000 
-0.525361 1.003212 0.000808 0.500000 
-0.491977 1.006642 0.000324 0.500000 
-0.248667 1.008449 0.000068 0.500000 
1.147400 1.008449 -0.000068 0.500000 
1.882614 1.006642 -0.000324 0.500000 
2.127979 1.003212 -0.000808 0.500000 
2.256419 0.998262 -0.001503 0.500000 
2.335129 0.991863 -0.002395 0.500000 
2.387315 0.984075 -0.003471 0.500000 
2.424099 0.974956 -0.004718 0.500000 
2.451444 0.964561 -0.006124 0.500000 
2.472747 0.952947 -0.007673 0.500000 
2.490017 0.940170 -0.009353 0.500000 
2.504491 0.926287 -0.011149 0.500000 
2.516959 0.911357 -0.013049 0.500000 
2.527943 0.895437 -0.015039 0.500000 
2.537794 0.878587 -0.017105 0.500000 
2.546752 0.860868 -0.019235 0.500000 
2.554987 0.842339 -0.021416 0.500000 
2.562617 0.823059 -0.023635 0.500000 
2.569729 0.803091 -0.025881 0.500000 
2.576385 0.782493 -0.028143 0.500000 
2.582634 0.761324 -0.030408 0.500000 
2.588502 0.739645 -0.032666 0.500000 
2.593972 0.717513 -0.034905 0.500000 
2.599019 0.694986 -0.037116 0.500000 
2.603744 0.672120 -0.039287 0.500000 
2.607929 0.648971 -0.041407 0.500000 
2.610846 0.625594 -0.043467 0.500000 
2.615955 0.602041 -0.045454 0.500000 
2.619682 0.578364 -0.047359 0.500000 
