1
0.895136
0.820722
0.766626
0.7284
0.687993
0.616951
0.518961
0.415729
0.323008
0.267402
0.262853
0.284779
0.306083
0.317146
0.317595
0.310169
0.298036
0.283887
0.269463
0.255653
0.243102
0.23206
0.222272
0.213143
0.204523
0.19653
0.188952
0.181428
0.173517
0.16489
0.155235
0.144275
0.131868
0.118482
0.105617
0.0952936
0.0900879
0.0919763
0.100977
0.115715
0.133564
0.151096
0.165492
0.175132
0.179636
0.179517
0.17581
0.169707
0.162286
0.154389
0.1466
0.139281
0.132616
0.126668
0.121425
0.116831
0.112815
0.109331
0.106298
0.103631
0.101251
0.0990797
0.0970422
0.0950974
0.0932132
0.0913651
0.0895347
0.0877082
0.0858761
0.0840322
0.082173
0.0802966
0.0784032
0.0764937
0.0745696
0.0726333
0.0706871
0.0687333
0.0667746
0.0648134
0.0628527
0.0608966
0.0589477
0.0570089
0.0550832
0.0531739
0.0512849
0.0494204
0.0475848
0.0457828
0.0440191
0.0422984
0.0406253
0.039004
0.0374381
0.0359309
0.034485
0.0331023
0.0317842
0.0305315
0.0293445
0.0282226
0.0271652
0.0261711
0.0252388
0.0243668
0.0235527
0.0227929
0.0220854
0.0214294
0.0208235
0.020265
0.0197512
0.0192795
0.0188475
0.0184531
0.0180945
0.0177699
0.0174779
0.0172169
0.0169855
0.0167822
0.0166054
0.0164535
0.0163249
0.0162179
0.0161306
0.0160612
0.016008
0.0159692
0.0159432
0.0159281
0.0159226
0.015925
0.0159339
0.0159481
0.0159662
0.0159872
0.0160099
0.0160333
0.0160566
0.0160789
0.0160994
0.0161176
0.0161328
0.0161445
0.0161522
0.0161557
0.0161546
0.0161477
0.0161344
0.0161148
0.0160889
0.016057
0.0160192
0.015976
0.0159274
0.0158738
0.0158154
0.0157525
0.0156854
0.0156144
0.0155395
0.0154611
0.0153794
0.0152946
0.015207
0.0151167
0.0150239
0.014929
0.0148322
0.0147335
0.0146333
0.0145318
0.0144292
0.0143255
0.0142211
0.014116
0.0140104
0.0139045
0.0137984
0.0136921
0.0135858
0.0134795
0.0133736
0.013268
0.0131628
0.013058
0.0129537
0.0128497
0.0127461
0.0126429
0.0125402
0.0124378
0.0123358
0.0122343
0.0121331
0.0120324
0.0119321
0.0118322
0.0117326
0.0116335
0.0115347
0.0114362
0.0113381
0.0112404
0.0111429
0.0110458
0.010949
0.0108525
0.0107562
0.0106603
0.0105646
0.0104692
0.0103741
0.0102793
0.0101847
0.0100904
0.00999645
0.00990278
0.00980943
0.00971641
0.00962375
0.00953145
0.00943955
0.00934807
0.00925703
0.00916647
0.0090764
0.00898688
0.00889793
0.00880958
0.00872189
0.00863488
0.0085486
0.0084631
0.00837843
0.00829463
0.00821177
0.00812989
0.00804905
0.00796931
0.00789074
0.00781341
0.00773738
0.00766272
0.00758951
0.00751782
0.00744774
0.00737934
0.0073127
0.00724791
0.00718506
0.00712423
0.00706551
0.00700899
0.00695476
0.0069029
0.00685351
0.00680667
0.00676246
0.00672097
0.00668227
0.00664644
0.00661355
0.00658366
0.00655684
0.00653312
0.00651256
0.00649519
0.00648103
0.0064701
0.00646239
0.00645789
0.00645659
0.00645843
0.00646338
0.00647135
0.00648226
0.00649601
0.00651247
0.00653152
0.00655298
0.00657619
0.0065976
0.00661498
0.00662673
0.00663159
0.00662856
0.00661692
0.00659615
0.00656595
0.0065262
0.00647691
0.00641826
0.00635051
0.00627404
0.0061893
0.00609678
0.00599703
0.00589061
0.00577809
0.00566011
0.00553731
0.00541031
0.00527975
0.00514623
0.00501034
0.00487266
0.00473371
0.00459403
0.0044541
0.00431438
0.00417529
0.00403724
0.00390058
0.00376566
0.00363278
0.00350222
0.00337422
0.00324902
0.00312679
0.00300773
0.00289196
0.00277961
0.0026708
0.00256559
0.00246405
0.00236622
0.00227214
0.0021818
0.00209521
0.00201233
0.00193314
0.00185759
0.00178561
0.00171712
0.00165205
0.00159029
0.00153174
0.00147629
0.0014238
0.00137417
0.00132724
0.0012829
0.00124099
0.00120137
0.00116391
0.00112847
0.0010949
0.00106308
0.00103288
0.00100417
0.000976845
0.000950784
0.000925891
0.000902073
0.000879246
0.000857334
0.000836269
0.000815993
0.000796456
0.000777613
0.000759429
0.000741875
0.000724928
0.000708569
0.000692785
0.000677568
0.000662912
0.000648814
0.000635275
0.000622295
0.000609878
0.000598027
0.000586746
0.000576038
0.000565905
0.00055635
0.000547373
0.000538973
0.000531147
0.000523888
0.00051719
0.000511043
0.000505434
0.000500348
0.000495767
0.00049167
0.000488034
0.000484835
0.000482044
0.000479633
0.00047757
0.000475825
0.000474362
0.000473149
0.000472152
0.000471336
0.000470668
0.000470115
0.000469645
0.000469228
0.000468833
0.000468433
0.000468002
0.000467516
0.000466952
0.00046629
0.000465512
0.000464601
0.000463542
0.000462325
0.000460938
0.000459372
0.00045762
0.000455678
0.000453542
0.00045121
0.000448681
0.000445956
0.000443036
0.000439926
0.000436628
0.000433148
0.000429492
0.000425666
0.000421678
0.000417534
0.000413243
0.000408815
0.000404256
0.000399578
0.000394788
0.000389896
0.000384912
0.000379844
0.000374703
0.000369497
0.000364235
0.000358927
0.00035358
0.000348204
0.000342806
0.000337394
0.000331975
0.000326558
0.000321148
0.000315752
0.000310377
0.000305028
0.00029971
0.000294429
0.000289189
0.000283995
0.000278851
0.00027376
0.000268726
0.000263752
0.00025884
0.000253993
0.000249214
0.000244503
0.000239864
0.000235296
0.000230801
0.000226381
0.000222035
0.000217764
0.000213569
0.000209449
0.000205405
0.000201437
0.000197543
0.000193724
0.000189979
0.000186308
0.000182709
0.000179181
0.000175725
0.000172338
0.000169019
0.000165768
0.000162584
0.000159465
0.000156409
0.000153417
0.000150485
0.000147614
0.000144802
0.000142047
0.000139348
0.000136705
0.000134115
0.000131577
0.00012909
0.000126654
0.000124265
0.000121925
0.00011963
0.000117381
0.000115175
0.000113013
0.000110892
0.000108812
0.000106771
0.000104769
0.000102805
0.000100878
9.89862e-05
9.71297e-05
9.53073e-05
9.35182e-05
9.17617e-05
9.00369e-05
8.8343e-05
8.66795e-05
8.50455e-05
8.34405e-05
8.18637e-05
8.03146e-05
7.87926e-05
7.72971e-05
7.58275e-05
7.43833e-05
7.2964e-05
7.15692e-05
7.01982e-05
6.88508e-05
6.75264e-05
6.62246e-05
6.49451e-05
6.36873e-05
6.2451e-05
6.12358e-05
6.00413e-05
5.88671e-05
5.77131e-05
5.65787e-05
5.54638e-05
5.4368e-05
5.3291e-05
5.22326e-05
5.11925e-05
5.01703e-05
4.91659e-05
4.8179e-05
4.72094e-05
4.62567e-05
4.53208e-05
4.44015e-05
4.34985e-05
4.26115e-05
4.17404e-05
4.08849e-05
4.00449e-05
3.92201e-05
3.84104e-05
3.76154e-05
3.6835e-05
3.60691e-05
3.53174e-05
3.45796e-05
3.38558e-05
3.31455e-05
3.24487e-05
3.17651e-05
3.10946e-05
3.04369e-05
2.9792e-05
2.91595e-05
2.85394e-05
2.79314e-05
2.73353e-05
2.67511e-05
2.61784e-05
2.56171e-05
2.50671e-05
2.45281e-05
2.40001e-05
2.34827e-05
2.29759e-05
2.24794e-05
2.19931e-05
2.15168e-05
2.10504e-05
2.05937e-05
2.01465e-05
1.97086e-05
1.928e-05
1.88603e-05
1.84495e-05
1.80475e-05
1.76539e-05
1.72688e-05
1.68918e-05
1.6523e-05
1.6162e-05
1.58089e-05
1.54633e-05
1.51253e-05
1.47945e-05
1.4471e-05
1.41545e-05
1.38448e-05
1.3542e-05
1.32458e-05
1.2956e-05
1.26727e-05
1.23955e-05
1.21244e-05
1.18593e-05
1.16001e-05
1.13466e-05
1.10987e-05
1.08562e-05
1.06191e-05
1.03873e-05
1.01606e-05
9.9389e-06
9.72213e-06
9.51017e-06
9.3029e-06
9.10024e-06
8.90207e-06
8.70829e-06
8.51881e-06
8.33353e-06
8.15236e-06
7.97521e-06
7.80198e-06
7.63259e-06
7.46695e-06
7.30498e-06
7.14659e-06
6.99171e-06
6.84024e-06
6.69213e-06
6.54728e-06
6.40563e-06
6.2671e-06
6.13163e-06
5.99914e-06
5.86956e-06
5.74283e-06
5.61888e-06
5.49766e-06
5.37909e-06
5.26312e-06
5.14969e-06
5.03875e-06
4.93022e-06
4.82407e-06
4.72024e-06
4.61866e-06
4.51931e-06
4.42211e-06
4.32703e-06
4.23401e-06
4.14302e-06
4.054e-06
3.9669e-06
3.8817e-06
3.79834e-06
3.71679e-06
3.63699e-06
3.55892e-06
3.48254e-06
3.40781e-06
3.33468e-06
3.26313e-06
3.19313e-06
3.12463e-06
3.0576e-06
2.99201e-06
2.92784e-06
2.86504e-06
2.80359e-06
2.74346e-06
2.68463e-06
2.62705e-06
2.57071e-06
2.51557e-06
2.46162e-06
2.40882e-06
2.35715e-06
2.3066e-06
2.25712e-06
2.2087e-06
2.16132e-06
2.11495e-06
2.06958e-06
2.02517e-06
1.98172e-06
1.93919e-06
1.89758e-06
1.85686e-06
1.817e-06
1.77801e-06
1.73984e-06
1.70249e-06
1.66595e-06
1.63018e-06
1.59518e-06
1.56093e-06
1.52741e-06
1.49461e-06
1.46252e-06
1.43111e-06
1.40037e-06
1.3703e-06
1.34087e-06
1.31207e-06
1.28388e-06
1.25631e-06
1.22932e-06
1.20291e-06
1.17707e-06
1.15179e-06
1.12705e-06
1.10284e-06
1.07915e-06
1.05597e-06
1.03328e-06
1.01109e-06
9.89373e-07
9.68124e-07
9.47332e-07
9.26987e-07
9.07081e-07
8.87603e-07
8.68545e-07
8.49897e-07
8.31652e-07
8.13799e-07
7.96332e-07
7.79241e-07
7.62519e-07
7.46157e-07
7.30149e-07
7.14486e-07
6.9916e-07
6.84166e-07
6.69495e-07
6.55141e-07
6.41097e-07
6.27356e-07
6.13912e-07
6.00759e-07
5.87889e-07
5.75297e-07
5.62977e-07
5.50924e-07
5.39131e-07
5.27592e-07
5.16303e-07
5.05258e-07
4.94451e-07
4.83878e-07
4.73533e-07
4.63411e-07
4.53508e-07
4.43819e-07
4.3434e-07
4.25065e-07
4.1599e-07
4.07111e-07
3.98424e-07
3.89925e-07
3.81608e-07
3.73472e-07
3.65511e-07
3.57721e-07
3.501e-07
3.42643e-07
3.35347e-07
3.28208e-07
3.21224e-07
3.14389e-07
3.07702e-07
3.01159e-07
2.94757e-07
2.88493e-07
2.82364e-07
2.76367e-07
2.70498e-07
2.64756e-07
2.59138e-07
2.5364e-07
2.48261e-07
2.42997e-07
2.37847e-07
2.32807e-07
2.27875e-07
2.23049e-07
2.18327e-07
2.13706e-07
2.09185e-07
2.0476e-07
2.0043e-07
1.96193e-07
1.92047e-07
1.8799e-07
1.84019e-07
1.80134e-07
1.76332e-07
1.72611e-07
1.6897e-07
1.65407e-07
1.61919e-07
1.58507e-07
1.55167e-07
1.51899e-07
1.48701e-07
1.4557e-07
1.42507e-07
1.39509e-07
1.36575e-07
1.33704e-07
1.30893e-07
1.28143e-07
1.25451e-07
1.22817e-07
1.20239e-07
1.17715e-07
1.15246e-07
1.12828e-07
1.10463e-07
1.08147e-07
1.05881e-07
1.03663e-07
1.01492e-07
9.93668e-08
9.72871e-08
9.52514e-08
9.32589e-08
9.13087e-08
8.93999e-08
8.75314e-08
8.57026e-08
8.39125e-08
8.21603e-08
8.04452e-08
7.87664e-08
7.71231e-08
7.55146e-08
7.39401e-08
7.23988e-08
7.08901e-08
6.94133e-08
6.79676e-08
6.65525e-08
6.51672e-08
6.38111e-08
6.24836e-08
6.11841e-08
5.9912e-08
5.86667e-08
5.74476e-08
5.62542e-08
5.50859e-08
5.39421e-08
5.28224e-08
5.17263e-08
5.06532e-08
4.96026e-08
4.85741e-08
4.75672e-08
4.65814e-08
4.56163e-08
4.46714e-08
4.37464e-08
4.28407e-08
4.1954e-08
4.10859e-08
4.02359e-08
3.94038e-08
3.8589e-08
3.77913e-08
3.70103e-08
3.62456e-08
3.54968e-08
3.47637e-08
3.4046e-08
3.33431e-08
3.2655e-08
3.19812e-08
3.13215e-08
3.06755e-08
3.00429e-08
2.94235e-08
2.88171e-08
2.82232e-08
2.76417e-08
2.70723e-08
2.65148e-08
2.59688e-08
2.54341e-08
2.49106e-08
2.43979e-08
2.38959e-08
2.34043e-08
2.29229e-08
2.24514e-08
2.19898e-08
2.15377e-08
2.10949e-08
2.06614e-08
2.02368e-08
1.9821e-08
1.94137e-08
1.90149e-08
1.86244e-08
1.82419e-08
1.78673e-08
1.75005e-08
1.71412e-08
1.67893e-08
1.64447e-08
1.61072e-08
1.57767e-08
1.54529e-08
1.51359e-08
1.48254e-08
1.45212e-08
1.42233e-08
1.39316e-08
1.36458e-08
1.3366e-08
1.30918e-08
1.28234e-08
1.25604e-08
1.23028e-08
1.20506e-08
1.18035e-08
1.15614e-08
1.13244e-08
1.10922e-08
1.08648e-08
1.0642e-08
1.04238e-08
1.02101e-08
1.00007e-08
9.79564e-09
9.59477e-09
9.39802e-09
9.2053e-09
9.01652e-09
8.83161e-09
8.65048e-09
8.47305e-09
8.29926e-09
8.12901e-09
7.96225e-09
7.7989e-09
7.63888e-09
7.48213e-09
7.32859e-09
7.17819e-09
7.03085e-09
6.88653e-09
6.74515e-09
6.60666e-09
6.47099e-09
6.3381e-09
6.20791e-09
6.08039e-09
5.95546e-09
5.83309e-09
5.71321e-09
5.59578e-09
5.48074e-09
5.36806e-09
5.25766e-09
5.14953e-09
5.04359e-09
4.93982e-09
4.83816e-09
4.73858e-09
4.64103e-09
4.54546e-09
4.45185e-09
4.36014e-09
4.27031e-09
4.18231e-09
4.0961e-09
4.01165e-09
3.92892e-09
3.84788e-09
3.7685e-09
3.69073e-09
3.61455e-09
3.53992e-09
3.46682e-09
3.3952e-09
3.32505e-09
3.25633e-09
3.18901e-09
3.12307e-09
