VARIABLES="X","Y","Z","Ghostcell in Other Zone","Ghostcell","iZone-jZone"
ZONE T="Element0"
Nodes=2188, Elements=64, ZONETYPE=FEQUADRILATERAL
DATAPACKING=BLOCK
VARLOCATION = ([4,5,6] = CELLCENTERED)
-11.095648
-12.288589
-13.604685
-15.056630
-16.658430
-18.425537
-20.374994
-22.525610
-24.898125
-27.515427
-30.402761
-33.587978
-37.101807
-40.978138
-45.254368
-49.971737
-55.175755
-60.916615
-67.249702
-74.236099
-81.943192
-90.445335
-99.824539
-110.171265
-121.585327
-134.176819
-148.067215
-148.067215
-11.095648
-12.288589
-13.604685
-15.056630
-16.658430
-18.425537
-20.374994
-22.525610
-24.898125
-27.515427
-30.402761
-33.587978
-37.101807
-40.978138
-45.254368
-49.971737
-55.175755
-60.916615
-67.249702
-74.236099
-81.943192
-90.445335
-99.824539
-110.171265
-121.585327
-134.176819
-7.302736
-7.188743
-7.000589
-6.740435
-6.410885
-6.015139
-5.557013
-5.040915
-4.471806
-3.855151
-3.196870
-2.503275
-1.781015
-1.037006
-0.278373
0.487626
1.253660
2.012395
2.756565
3.479033
4.172863
4.831383
5.448245
6.017490
6.533607
6.991584
-8.103982
-7.978403
-7.771059
-7.484294
-7.120968
-6.684607
-6.179416
-5.610258
-4.982605
-4.302485
-3.576430
-2.811405
-2.014746
-1.194088
-0.357292
0.487630
1.332586
2.169483
2.990301
3.787165
4.552423
5.278714
5.959038
6.586826
7.156002
7.661042
8.097037
8.459736
8.745595
8.951814
9.076366
9.118023
9.076366
8.951814
8.745595
8.459736
-8.988023
-8.849659
-8.621142
-8.305017
-7.904426
-7.423252
-6.866134
-6.238433
-5.546185
-4.796044
-3.995212
-3.151376
-2.272631
-1.367403
-0.444367
0.487633
1.419667
2.342803
3.248189
4.127137
4.971204
5.772269
6.522614
7.214993
7.842710
8.399678
8.880486
9.280455
9.595678
9.823076
9.960419
10.006352
9.960419
9.823076
9.595678
9.280455
-9.963384
-9.810917
-9.559040
-9.210522
-8.768815
-8.238199
-7.623790
-6.931499
-6.167986
-5.340588
-4.457254
-3.526467
-2.557156
-1.558622
-0.540438
0.487636
1.515743
2.534025
3.532716
4.502228
5.433245
6.316809
7.144407
7.908051
8.600356
9.214616
9.744867
10.185954
10.533577
10.784342
10.935795
10.986447
10.935795
10.784342
10.533577
10.185954
-11.039474
-10.871448
-10.593799
-10.209541
-9.722473
-9.137310
-8.459693
-7.696142
-6.854002
-5.941370
-4.967015
-3.940295
-2.871067
-1.769590
-0.646431
0.487638
1.621740
2.744996
3.846628
4.916056
5.943003
6.917586
7.830416
8.672684
9.436249
10.113717
10.698518
11.184970
11.568337
11.844884
12.011905
12.067763
12.011905
11.844884
11.568337
11.184970
-12.226675
-12.041481
-11.735398
-11.311713
-10.774600
-10.129258
-9.381906
-8.539737
-7.610854
-6.604187
-5.529411
-4.396854
-3.217390
-2.002342
-0.763369
0.487639
1.738681
2.977750
4.192951
5.372613
6.505394
7.580395
8.587257
9.516268
10.358450
11.105654
11.750637
12.287138
12.709942
13.014930
13.199127
13.260729
13.199127
13.014930
12.709942
12.287138
-12.226675
-13.536438
-13.332304
-12.994853
-12.527669
-11.935345
-11.223610
-10.399324
-9.470422
-8.445839
-7.335429
-6.149868
-4.900547
-3.599467
-2.259122
-0.892380
0.487641
1.867694
3.234531
4.575027
5.876303
7.125845
8.311630
9.422233
10.446940
11.375856
12.199994
12.911373
13.503091
13.969401
14.305769
14.508914
14.576853
14.508914
14.305769
13.969401
13.503091
-13.536438
-14.981396
-14.756368
-14.384311
-13.869138
-13.215903
-12.430923
-11.521763
-10.497173
-9.367013
-8.142153
-6.834369
-5.456231
-4.020982
-2.542408
-1.034708
0.487642
2.010024
3.517818
4.996542
6.431984
7.810340
9.118344
10.343396
11.473680
12.498281
13.407295
14.191922
14.844557
15.358865
15.729850
15.953900
16.028830
15.953900
15.729850
15.358865
14.844557
-14.981396
-16.575487
-16.327408
-15.917173
-15.349059
-14.628628
-13.762844
-12.760049
-11.629896
-10.383263
-9.032138
-7.589517
-6.069269
-4.486003
-2.854933
-1.191726
0.487643
2.167043
3.830343
5.461561
7.045017
8.565482
10.008320
11.359632
12.606388
13.736552
14.739202
15.604637
16.324476
16.891735
17.300911
17.548023
17.630665
17.548023
17.300911
16.891735
-16.575487
-18.334089
-18.060581
-17.608229
-16.981709
-16.187147
-15.232219
-14.126126
-12.879517
-11.504389
-10.013970
-8.422598
-6.745572
-4.999014
-3.199710
-1.364948
0.487644
2.340267
4.175120
5.974570
7.721315
9.398554
10.990141
12.480744
13.855992
15.102612
16.208561
17.163145
17.957123
18.582800
19.034107
19.306662
19.397812
19.306662
19.034107
18.582800
-18.334089
-20.274166
-19.972605
-19.473787
-18.782835
-17.906492
-16.853222
-15.633172
-14.258089
-12.741207
-11.097120
-9.341646
-7.491665
-5.564965
-3.580066
-1.556046
0.487644
2.531366
4.555476
6.540517
8.467402
10.317593
12.073278
13.717546
15.234547
16.609640
17.829548
18.882479
19.758245
20.448368
20.946156
21.246778
21.347313
21.246778
-20.274166
-22.414431
-22.081921
-21.531845
-20.769812
-19.803249
-18.641489
-17.295723
-15.778910
-14.105647
-12.292037
-10.355527
-8.314744
-6.189313
-3.999670
-1.766863
0.487645
2.742183
4.975079
7.164863
9.290475
11.331463
13.268180
15.081969
16.755348
18.272171
19.617798
20.779224
21.745220
22.506437
23.055500
23.387087
23.497976
23.387087
-22.414431
-24.775528
-24.408876
-23.802254
-22.961805
-21.895716
-20.614271
-19.129818
-17.456650
-15.610870
-13.610245
-11.474021
-9.222749
-6.878083
-4.462569
-1.999432
0.487645
2.974752
5.437975
7.853628
10.198472
12.449945
14.586372
16.587173
18.433065
20.106245
21.590561
22.871677
23.937212
24.776857
25.382488
25.748234
25.870546
25.748234
-24.775528
-27.380236
-26.975920
-26.306913
-25.379961
-24.204073
-22.790596
-21.153147
-19.307491
-17.271397
-15.064460
-12.707916
-10.224439
-7.637917
-4.973228
-2.255997
0.487646
3.231317
5.948633
8.613457
11.200152
13.683827
16.040569
18.247679
20.283884
22.129549
23.766865
25.180021
26.355364
27.281532
27.949566
28.352995
28.487907
28.352995
-27.380236
-30.253674
-29.807808
-29.069986
-28.047604
-26.750589
-25.191458
-23.385227
-21.349289
-19.103245
-16.668711
-14.069116
-11.329474
-8.476144
-5.536572
-2.539032
0.487646
3.514352
6.511975
9.451679
12.305179
15.045012
17.644800
20.079502
22.325655
24.361603
26.167702
27.726521
29.023003
30.044621
30.781494
31.226494
31.375309
31.226494
-30.253674
-33.423565
-32.931862
-32.118122
-30.990463
-29.559828
-27.840015
-25.847589
-23.601738
-21.124083
-18.438469
-15.570749
-12.548516
-9.400851
-6.158037
-2.851268
0.487646
3.826588
7.133437
10.376380
13.524210
16.546631
19.414539
22.100315
24.578075
26.823936
28.816233
30.535742
31.965860
33.092773
33.905590
34.396450
34.560604
34.396450
-33.423565
-36.920483
-36.378216
-35.480724
-34.236931
-32.658886
-30.761814
-28.563986
-26.086565
-23.353403
-20.390810
-17.227303
-13.893323
-10.420958
-6.843616
-3.195716
0.487646
4.171036
7.819014
11.396480
14.869005
18.203165
21.366856
24.329607
27.062870
29.540300
31.738005
33.634781
35.212322
36.455395
37.351990
37.893444
38.074512
37.893444
-36.920483
-40.778160
-40.180111
-39.190231
-37.818317
-36.077660
-33.985043
-31.560621
-28.827740
-25.812712
-22.544563
-19.054752
-15.376867
-11.546304
-7.599923
-3.575700
0.487646
4.551018
8.575317
12.521817
16.352535
20.030596
23.520584
26.788885
29.804010
32.536900
34.961201
37.053535
38.793709
40.164925
41.153938
41.751202
41.950935
41.751202
-40.778160
-45.033810
-44.374222
-43.282421
-41.769173
-39.849125
-37.540787
-34.866398
-31.851702
-28.525732
-24.920506
-21.070728
-17.013458
-12.787744
-8.434254
-3.994884
0.487646
4.970201
9.409644
13.763248
17.989111
22.046551
25.896496
29.501869
32.827934
35.842636
38.516914
40.824974
42.744556
44.257137
45.348110
46.006939
46.227261
46.006939
-45.033810
-49.728477
-49.001003
-47.796768
-46.127605
-44.009663
-41.463352
-38.513203
-35.187622
-31.518631
-27.541553
-23.294676
-18.818882
-14.157252
-9.354655
-4.457311
0.487647
5.432628
10.330041
15.132749
19.794519
24.270473
28.517511
32.494728
36.163811
39.489399
42.439438
44.985485
47.102985
48.771511
49.974957
50.701706
50.944740
50.701706
-49.728477
-54.907452
-54.105091
-52.776817
-50.935657
-48.599400
-45.790569
-42.536217
-38.867680
-34.820278
-30.432991
-25.748049
-20.810556
-15.668041
-10.370006
-4.967443
0.487647
5.942759
11.345387
16.643526
21.786175
26.723820
31.408915
35.796337
39.843819
43.512363
46.766613
49.575199
51.911034
53.751591
55.079113
55.880791
56.148880
55.880791
-54.907452
-60.620686
-59.735714
-58.270611
-56.239704
-53.662617
-50.564182
-46.974243
-42.927368
-38.462528
-33.622707
-28.454512
-23.007690
-17.334682
-11.490100
-5.530200
0.487647
6.505515
12.465476
18.310156
23.983290
29.430252
34.598595
39.438534
43.903458
47.950336
51.540180
54.638382
57.215076
59.245415
60.709812
61.594147
61.889877
61.594147
-60.620686
-66.923294
-65.947182
-64.331139
-62.090916
-59.248150
-55.830238
-51.870090
-47.405853
-42.480503
-37.141476
-31.440168
-25.431479
-19.173254
-12.725741
-6.151011
0.487647
7.126324
13.701112
20.148714
26.407057
32.415878
38.117317
43.456459
48.381882
52.846130
56.806183
60.223885
63.066280
65.305977
66.921371
67.896889
68.223106
67.896889
-66.923294
-73.876068
-72.799423
-71.016861
-68.545731
-65.409882
-61.639530
-57.270988
-52.346329
-46.912968
-41.023232
-34.733822
-28.105303
-21.201488
-14.088851
-6.835863
0.487647
7.811175
15.064214
22.176935
29.080854
35.709496
41.999023
47.888870
53.322296
58.246963
62.615421
66.385574
69.521088
71.991737
73.773705
74.849808
75.209663
74.849808
-73.876068
-81.546074
-80.358521
-78.392265
-75.666405
-72.207237
-68.048096
-63.229031
-57.796455
-51.802677
-45.305420
-38.367241
-31.054951
-23.438951
-15.592575
-7.591364
0.487647
8.566673
16.567932
24.414383
32.030476
39.342876
46.281162
52.778515
58.772350
64.204933
69.023926
73.182892
76.641754
79.367188
81.332909
82.519981
82.916946
82.519981
-81.546074
-90.007301
-88.697395
-86.528496
-83.521629
-79.705795
-75.117752
-69.801689
-63.808804
-57.196796
-50.029350
-42.375477
-34.308880
-25.907227
-17.251419
-8.424800
0.487647
9.400107
18.226768
26.882639
35.284374
43.351067
51.005035
58.172565
64.784622
70.777512
76.093513
80.681404
84.496979
87.503471
89.671906
90.981384
91.419289
90.981384
-90.007301
-99.341370
-97.896492
-95.504044
-92.187180
-87.977882
-82.916702
-77.052368
-70.441368
-63.147358
-55.240589
-46.797188
-37.898472
-28.630121
-19.081387
-9.344211
0.487647
10.319516
20.056726
29.605515
38.873936
47.772732
56.216209
64.123047
71.417099
78.028107
83.892380
88.953438
93.162521
96.479065
98.871124
100.315643
100.798706
100.315643
-99.341370
-109.638306
-108.044533
-105.405479
-101.746643
-97.103294
-91.520157
-85.051002
-77.758125
-69.711761
-60.989399
-51.675034
-41.858356
-31.633902
-21.100126
-10.358465
0.487647
11.333768
22.075457
32.609272
42.833782
52.650520
61.964951
70.687370
78.733765
86.026642
92.495758
98.078796
102.721970
106.380562
109.019310
110.612801
111.145676
110.612801
-109.638306
-120.997437
-119.239410
-116.328308
-112.292229
-107.170052
-101.011124
-93.874748
-85.829659
-76.953331
-67.331238
-57.056057
-46.226730
-34.947540
-23.327114
-11.477346
0.487647
12.452647
24.302433
35.922890
47.202114
58.031487
68.306717
77.928841
86.805191
94.850288
101.986626
108.145493
113.267548
117.303459
120.214348
121.972176
122.560005
121.972176
-120.997437
-133.528336
-131.589111
-128.377899
-123.925659
-118.275261
-111.481140
-103.608719
-94.733818
-84.941910
-74.327286
-62.992168
-51.045727
-38.603004
-25.783829
-12.711648
0.487647
13.686945
26.759134
39.578327
52.021069
63.967533
75.302673
85.917313
95.709236
104.584145
112.456543
119.250633
124.900963
129.353119
132.564224
134.503342
135.151794
134.503342
-133.528336
-147.351883
-145.212769
-141.670487
-136.759140
-130.526047
-123.031204
-114.346809
-104.556503
-93.754555
-82.045013
-69.540627
-56.361835
-42.635551
-28.493969
-14.073276
0.487647
15.048570
29.469263
43.610847
57.337131
70.515923
83.020302
94.729851
105.531792
115.322105
124.006500
131.501343
137.734436
142.645782
146.188065
148.327179
149.042511
148.327179
-147.351883
-147.351883
-145.212769
-141.670487
-136.759140
-130.526047
-123.031204
-114.346809
-104.556503
-93.754555
-82.045013
-69.540627
-56.361835
-42.635551
-28.493969
-14.073276
0.487647
15.048570
29.469263
43.610847
57.337131
70.515923
83.020302
94.729851
105.531792
115.322105
124.006500
131.501343
137.734436
142.645782
146.188065
148.327179
149.042511
148.327179
-147.351883
-7.302736
-7.188743
-7.000589
-6.740435
-6.410885
-6.015139
-5.557013
-5.040915
-4.471806
-3.855151
-3.196870
-2.503275
-1.781015
-1.037006
-0.278373
0.487626
1.253660
2.012395
2.756565
3.479033
4.172863
4.831383
5.448245
6.017490
6.533607
6.991584
-8.103982
-7.978403
-7.771059
-7.484294
-7.120968
-6.684607
-6.179416
-5.610258
-4.982605
-4.302485
-3.576430
-2.811405
-2.014746
-1.194088
-0.357292
0.487630
1.332586
2.169483
2.990301
3.787165
4.552423
5.278714
5.959038
6.586826
7.156002
7.661042
8.097037
8.459736
8.745595
8.951814
9.076366
9.118023
9.076366
8.951814
8.745595
8.459736
-8.988023
-8.849659
-8.621142
-8.305017
-7.904426
-7.423252
-6.866134
-6.238433
-5.546185
-4.796044
-3.995212
-3.151376
-2.272631
-1.367403
-0.444367
0.487633
1.419667
2.342803
3.248189
4.127137
4.971204
5.772269
6.522614
7.214993
7.842710
8.399678
8.880486
9.280455
9.595678
9.823076
9.960419
10.006352
9.960419
9.823076
9.595678
9.280455
-9.963384
-9.810917
-9.559040
-9.210522
-8.768815
-8.238199
-7.623790
-6.931499
-6.167986
-5.340588
-4.457254
-3.526467
-2.557156
-1.558622
-0.540438
0.487636
1.515743
2.534025
3.532716
4.502228
5.433245
6.316809
7.144407
7.908051
8.600356
9.214616
9.744867
10.185954
10.533577
10.784342
10.935795
10.986447
10.935795
10.784342
10.533577
10.185954
-11.039474
-10.871448
-10.593799
-10.209541
-9.722473
-9.137310
-8.459693
-7.696142
-6.854002
-5.941370
-4.967015
-3.940295
-2.871067
-1.769590
-0.646431
0.487638
1.621740
2.744996
3.846628
4.916056
5.943003
6.917586
7.830416
8.672684
9.436249
10.113717
10.698518
11.184970
11.568337
11.844884
12.011905
12.067763
12.011905
11.844884
11.568337
11.184970
-12.226675
-12.041481
-11.735398
-11.311713
-10.774600
-10.129258
-9.381906
-8.539737
-7.610854
-6.604187
-5.529411
-4.396854
-3.217390
-2.002342
-0.763369
0.487639
1.738681
2.977750
4.192951
5.372613
6.505394
7.580395
8.587257
9.516268
10.358450
11.105654
11.750637
12.287138
12.709942
13.014930
13.199127
13.260729
13.199127
13.014930
12.709942
12.287138
-12.226675
-13.536438
-13.332304
-12.994853
-12.527669
-11.935345
-11.223610
-10.399324
-9.470422
-8.445839
-7.335429
-6.149868
-4.900547
-3.599467
-2.259122
-0.892380
0.487641
1.867694
3.234531
4.575027
5.876303
7.125845
8.311630
9.422233
10.446940
11.375856
12.199994
12.911373
13.503091
13.969401
14.305769
14.508914
14.576853
14.508914
14.305769
13.969401
13.503091
-13.536438
-14.981396
-14.756368
-14.384311
-13.869138
-13.215903
-12.430923
-11.521763
-10.497173
-9.367013
-8.142153
-6.834369
-5.456231
-4.020982
-2.542408
-1.034708
0.487642
2.010024
3.517818
4.996542
6.431984
7.810340
9.118344
10.343396
11.473680
12.498281
13.407295
14.191922
14.844557
15.358865
15.729850
15.953900
16.028830
15.953900
15.729850
15.358865
14.844557
-14.981396
-16.575487
-16.327408
-15.917173
-15.349059
-14.628628
-13.762844
-12.760049
-11.629896
-10.383263
-9.032138
-7.589517
-6.069269
-4.486003
-2.854933
-1.191726
0.487643
2.167043
3.830343
5.461561
7.045017
8.565482
10.008320
11.359632
12.606388
13.736552
14.739202
15.604637
16.324476
16.891735
17.300911
17.548023
17.630665
17.548023
17.300911
16.891735
-16.575487
-18.334089
-18.060581
-17.608229
-16.981709
-16.187147
-15.232219
-14.126126
-12.879517
-11.504389
-10.013970
-8.422598
-6.745572
-4.999014
-3.199710
-1.364948
0.487644
2.340267
4.175120
5.974570
7.721315
9.398554
10.990141
12.480744
13.855992
15.102612
16.208561
17.163145
17.957123
18.582800
19.034107
19.306662
19.397812
19.306662
19.034107
18.582800
-18.334089
-20.274166
-19.972605
-19.473787
-18.782835
-17.906492
-16.853222
-15.633172
-14.258089
-12.741207
-11.097120
-9.341646
-7.491665
-5.564965
-3.580066
-1.556046
0.487644
2.531366
4.555476
6.540517
8.467402
10.317593
12.073278
13.717546
15.234547
16.609640
17.829548
18.882479
19.758245
20.448368
20.946156
21.246778
21.347313
21.246778
-20.274166
-22.414431
-22.081921
-21.531845
-20.769812
-19.803249
-18.641489
-17.295723
-15.778910
-14.105647
-12.292037
-10.355527
-8.314744
-6.189313
-3.999670
-1.766863
0.487645
2.742183
4.975079
7.164863
9.290475
11.331463
13.268180
15.081969
16.755348
18.272171
19.617798
20.779224
21.745220
22.506437
23.055500
23.387087
23.497976
23.387087
-22.414431
-24.775528
-24.408876
-23.802254
-22.961805
-21.895716
-20.614271
-19.129818
-17.456650
-15.610870
-13.610245
-11.474021
-9.222749
-6.878083
-4.462569
-1.999432
0.487645
2.974752
5.437975
7.853628
10.198472
12.449945
14.586372
16.587173
18.433065
20.106245
21.590561
22.871677
23.937212
24.776857
25.382488
25.748234
25.870546
25.748234
-24.775528
-27.380236
-26.975920
-26.306913
-25.379961
-24.204073
-22.790596
-21.153147
-19.307491
-17.271397
-15.064460
-12.707916
-10.224439
-7.637917
-4.973228
-2.255997
0.487646
3.231317
5.948633
8.613457
11.200152
13.683827
16.040569
18.247679
20.283884
22.129549
23.766865
25.180021
26.355364
27.281532
27.949566
28.352995
28.487907
28.352995
-27.380236
-30.253674
-29.807808
-29.069986
-28.047604
-26.750589
-25.191458
-23.385227
-21.349289
-19.103245
-16.668711
-14.069116
-11.329474
-8.476144
-5.536572
-2.539032
0.487646
3.514352
6.511975
9.451679
12.305179
15.045012
17.644800
20.079502
22.325655
24.361603
26.167702
27.726521
29.023003
30.044621
30.781494
31.226494
31.375309
31.226494
-30.253674
-33.423565
-32.931862
-32.118122
-30.990463
-29.559828
-27.840015
-25.847589
-23.601738
-21.124083
-18.438469
-15.570749
-12.548516
-9.400851
-6.158037
-2.851268
0.487646
3.826588
7.133437
10.376380
13.524210
16.546631
19.414539
22.100315
24.578075
26.823936
28.816233
30.535742
31.965860
33.092773
33.905590
34.396450
34.560604
34.396450
-33.423565
-36.920483
-36.378216
-35.480724
-34.236931
-32.658886
-30.761814
-28.563986
-26.086565
-23.353403
-20.390810
-17.227303
-13.893323
-10.420958
-6.843616
-3.195716
0.487646
4.171036
7.819014
11.396480
14.869005
18.203165
21.366856
24.329607
27.062870
29.540300
31.738005
33.634781
35.212322
36.455395
37.351990
37.893444
38.074512
37.893444
-36.920483
-40.778160
-40.180111
-39.190231
-37.818317
-36.077660
-33.985043
-31.560621
-28.827740
-25.812712
-22.544563
-19.054752
-15.376867
-11.546304
-7.599923
-3.575700
0.487646
4.551018
8.575317
12.521817
16.352535
20.030596
23.520584
26.788885
29.804010
32.536900
34.961201
37.053535
38.793709
40.164925
41.153938
41.751202
41.950935
41.751202
-40.778160
-45.033810
-44.374222
-43.282421
-41.769173
-39.849125
-37.540787
-34.866398
-31.851702
-28.525732
-24.920506
-21.070728
-17.013458
-12.787744
-8.434254
-3.994884
0.487646
4.970201
9.409644
13.763248
17.989111
22.046551
25.896496
29.501869
32.827934
35.842636
38.516914
40.824974
42.744556
44.257137
45.348110
46.006939
46.227261
46.006939
-45.033810
-49.728477
-49.001003
-47.796768
-46.127605
-44.009663
-41.463352
-38.513203
-35.187622
-31.518631
-27.541553
-23.294676
-18.818882
-14.157252
-9.354655
-4.457311
0.487647
5.432628
10.330041
15.132749
19.794519
24.270473
28.517511
32.494728
36.163811
39.489399
42.439438
44.985485
47.102985
48.771511
49.974957
50.701706
50.944740
50.701706
-49.728477
-54.907452
-54.105091
-52.776817
-50.935657
-48.599400
-45.790569
-42.536217
-38.867680
-34.820278
-30.432991
-25.748049
-20.810556
-15.668041
-10.370006
-4.967443
0.487647
5.942759
11.345387
16.643526
21.786175
26.723820
31.408915
35.796337
39.843819
43.512363
46.766613
49.575199
51.911034
53.751591
55.079113
55.880791
56.148880
55.880791
-54.907452
-60.620686
-59.735714
-58.270611
-56.239704
-53.662617
-50.564182
-46.974243
-42.927368
-38.462528
-33.622707
-28.454512
-23.007690
-17.334682
-11.490100
-5.530200
0.487647
6.505515
12.465476
18.310156
23.983290
29.430252
34.598595
39.438534
43.903458
47.950336
51.540180
54.638382
57.215076
59.245415
60.709812
61.594147
61.889877
61.594147
-60.620686
-66.923294
-65.947182
-64.331139
-62.090916
-59.248150
-55.830238
-51.870090
-47.405853
-42.480503
-37.141476
-31.440168
-25.431479
-19.173254
-12.725741
-6.151011
0.487647
7.126324
13.701112
20.148714
26.407057
32.415878
38.117317
43.456459
48.381882
52.846130
56.806183
60.223885
63.066280
65.305977
66.921371
67.896889
68.223106
67.896889
-66.923294
-73.876068
-72.799423
-71.016861
-68.545731
-65.409882
-61.639530
-57.270988
-52.346329
-46.912968
-41.023232
-34.733822
-28.105303
-21.201488
-14.088851
-6.835863
0.487647
7.811175
15.064214
22.176935
29.080854
35.709496
41.999023
47.888870
53.322296
58.246963
62.615421
66.385574
69.521088
71.991737
73.773705
74.849808
75.209663
74.849808
-73.876068
-81.546074
-80.358521
-78.392265
-75.666405
-72.207237
-68.048096
-63.229031
-57.796455
-51.802677
-45.305420
-38.367241
-31.054951
-23.438951
-15.592575
-7.591364
0.487647
8.566673
16.567932
24.414383
32.030476
39.342876
46.281162
52.778515
58.772350
64.204933
69.023926
73.182892
76.641754
79.367188
81.332909
82.519981
82.916946
82.519981
-81.546074
-90.007301
-88.697395
-86.528496
-83.521629
-79.705795
-75.117752
-69.801689
-63.808804
-57.196796
-50.029350
-42.375477
-34.308880
-25.907227
-17.251419
-8.424800
0.487647
9.400107
18.226768
26.882639
35.284374
43.351067
51.005035
58.172565
64.784622
70.777512
76.093513
80.681404
84.496979
87.503471
89.671906
90.981384
91.419289
90.981384
-90.007301
-99.341370
-97.896492
-95.504044
-92.187180
-87.977882
-82.916702
-77.052368
-70.441368
-63.147358
-55.240589
-46.797188
-37.898472
-28.630121
-19.081387
-9.344211
0.487647
10.319516
20.056726
29.605515
38.873936
47.772732
56.216209
64.123047
71.417099
78.028107
83.892380
88.953438
93.162521
96.479065
98.871124
100.315643
100.798706
100.315643
-99.341370
-109.638306
-108.044533
-105.405479
-101.746643
-97.103294
-91.520157
-85.051002
-77.758125
-69.711761
-60.989399
-51.675034
-41.858356
-31.633902
-21.100126
-10.358465
0.487647
11.333768
22.075457
32.609272
42.833782
52.650520
61.964951
70.687370
78.733765
86.026642
92.495758
98.078796
102.721970
106.380562
109.019310
110.612801
111.145676
110.612801
-109.638306
-120.997437
-119.239410
-116.328308
-112.292229
-107.170052
-101.011124
-93.874748
-85.829659
-76.953331
-67.331238
-57.056057
-46.226730
-34.947540
-23.327114
-11.477346
0.487647
12.452647
24.302433
35.922890
47.202114
58.031487
68.306717
77.928841
86.805191
94.850288
101.986626
108.145493
113.267548
117.303459
120.214348
121.972176
122.560005
121.972176
-120.997437
-133.528336
-131.589111
-128.377899
-123.925659
-118.275261
-111.481140
-103.608719
-94.733818
-84.941910
-74.327286
-62.992168
-51.045727
-38.603004
-25.783829
-12.711648
0.487647
13.686945
26.759134
39.578327
52.021069
63.967533
75.302673
85.917313
95.709236
104.584145
112.456543
119.250633
124.900963
129.353119
132.564224
134.503342
135.151794
134.503342
-133.528336
0.000000
0.000000
0.000000
0.000000
0.000000
0.000000
0.000000
0.000000
0.000000
0.000000
0.000000
0.000000
0.000000
0.000000
0.000000
0.000000
0.000000
0.000000
0.000000
0.000000
0.000000
0.000000
0.000000
0.000000
0.000000
0.000000
0.000000
0.000000
0.000000
0.000000
0.000000
0.000000
0.000000
0.000000
0.000000
0.000000
0.000000
0.000000
0.000000
0.000000
0.000000
0.000000
0.000000
0.000000
0.000000
0.000000
0.000000
0.000000
0.000000
0.000000
0.000000
0.000000
0.000000
0.000000
0.765772
1.523916
2.267046
2.988054
3.680052
4.336426
4.950902
5.517608
6.031126
6.486556
6.879550
7.206360
7.463872
7.649634
7.761874
7.799521
7.762210
7.650288
7.464808
7.207522
6.880869
6.487947
6.032493
5.518850
4.951924
4.337148
0.844829
1.681269
2.501184
3.296722
4.060279
4.784552
5.462612
6.087974
6.654656
7.157245
7.590938
7.951597
8.235781
8.440779
8.564635
8.606166
8.564970
8.441431
8.236714
7.952758
7.592256
7.158634
6.656022
6.089215
5.463634
4.785276
4.060656
3.296749
2.500926
1.680875
0.844532
0.000000
-0.844532
-1.680875
-2.500926
-3.296749
0.932027
1.854828
2.759433
3.637177
4.479662
5.278826
6.027018
6.717076
7.342397
7.897001
8.375586
8.773579
9.087179
9.313394
9.450063
9.495878
9.450397
9.314044
9.088110
8.774735
8.376899
7.898387
7.343760
6.718316
6.028039
5.279551
4.480041
3.637208
2.759180
1.854438
0.931733
0.000000
-0.931733
-1.854438
-2.759180
-3.637208
1.028208
2.046264
3.044285
4.012702
4.942247
5.824016
6.649564
7.410983
8.100983
8.712960
9.241059
9.680232
10.026280
10.275898
10.426699
10.477240
10.427032
10.276546
10.027207
9.681385
9.242368
8.714340
8.102341
7.412219
6.650583
5.824740
4.942627
4.012737
3.044036
2.045879
1.027917
0.000000
-1.027917
-2.045879
-3.044036
-4.012737
1.134299
2.257426
3.358487
4.426921
5.452495
6.425381
7.336255
8.176388
8.937732
9.612993
10.195710
10.680305
11.062143
11.337575
11.503963
11.559716
11.504294
11.338219
11.063065
10.681451
10.197011
9.614367
8.939082
8.177618
7.337270
6.426103
5.452875
4.426958
3.358243
2.257046
1.134011
0.000000
-1.134011
-2.257046
-3.358243
-4.426958
1.251323
2.490351
3.705070
4.883829
6.015328
7.088721
8.093716
9.020675
9.860713
10.605783
11.248744
11.783442
12.204761
12.508665
12.692248
12.753750
12.692576
12.509304
12.205675
11.784580
11.250036
10.607146
9.862055
9.021896
8.094725
7.089439
6.015708
4.883868
3.704830
2.489975
1.251039
0.000000
-1.251039
-2.489975
-3.704830
-4.883868
-1.251323
1.380410
2.747284
4.087378
5.387833
6.636176
7.820436
8.929252
9.951986
10.878832
11.700903
12.410319
13.000286
13.465152
13.800466
14.003016
14.070859
14.003341
13.801100
13.466060
13.001415
12.411602
11.702255
10.880163
9.953198
8.930253
7.821150
6.636554
5.387873
4.087142
2.746912
1.380129
0.000000
-1.380129
-2.746912
-4.087142
-5.387873
-1.380410
1.522804
3.030704
4.509098
5.943794
7.321027
8.627584
9.850923
10.979306
12.001908
12.908918
13.691642
14.342574
14.855476
15.225437
15.448908
15.523746
15.449230
15.226065
14.856376
14.343692
13.692912
12.910259
12.003227
10.980508
9.851915
8.628291
7.321403
5.943835
4.508865
3.030337
1.522527
0.000000
-1.522527
-3.030337
-4.508865
-5.943835
-1.522804
1.679880
3.343345
4.974298
6.557075
8.076488
9.517948
10.867620
12.112544
13.240774
14.241483
15.105069
15.823253
16.389145
16.797323
17.043875
17.126429
17.044193
16.797945
16.390034
15.824358
15.106326
14.242808
13.242080
12.113733
10.868602
9.518649
8.076859
6.557117
4.974069
3.342984
1.679606
0.000000
-1.679606
-3.342984
-4.974069
-1.679880
1.853152
3.688223
5.487465
7.233593
8.909843
10.500119
11.989149
13.362632
14.607382
15.711449
16.664238
17.456606
18.080952
18.531290
18.803299
18.894365
18.803614
18.531904
18.081831
17.457697
16.665478
15.712758
14.608670
13.363807
11.990120
10.500813
8.910213
7.233636
5.487240
3.687867
1.852882
0.000000
-1.852882
-3.687867
-5.487240
-1.853152
2.044291
4.068665
6.053550
7.979873
9.829135
11.583571
13.226329
14.741628
16.114912
17.332996
18.384184
19.258389
19.947216
20.444061
20.744152
20.844608
20.744463
20.444664
19.948082
19.259464
18.385406
17.334288
16.116182
14.742785
13.227286
11.584255
9.829499
7.979916
6.053329
4.068315
2.044025
0.000000
-2.044025
-2.044291
2.255142
4.488339
6.678012
8.803114
10.843228
12.778755
14.591094
16.262833
17.777908
19.121767
20.281502
21.245979
22.005939
22.554087
22.885157
22.995972
22.885462
22.554680
22.006790
21.247038
20.282705
19.123035
17.779158
16.263971
14.592036
12.779428
10.843588
8.803156
6.677795
4.487996
2.254881
0.000000
-2.254881
-2.255142
2.487738
4.951296
7.366876
9.711255
11.961906
14.097198
16.096609
17.940920
19.612408
21.095015
22.374493
23.438553
24.276979
24.881720
25.246965
25.369207
25.247265
24.882303
24.277815
23.439592
22.375673
21.096260
19.613636
17.942038
16.097534
14.097859
11.962259
9.711298
7.366663
4.950959
2.487482
0.000000
-2.487482
-2.487738
2.744323
5.461999
8.126785
10.713058
13.195960
15.551620
17.757395
19.792078
21.636112
23.271772
24.683342
25.857258
26.782246
27.449415
27.852360
27.987206
27.852653
27.449986
26.783062
25.858276
24.684498
23.272993
21.637312
19.793173
17.758301
15.552268
13.196305
10.713100
8.126578
5.461669
2.744072
0.000000
-2.744072
-2.744323
3.027372
6.025376
8.965072
11.818187
14.557292
17.156050
19.589472
21.834162
23.868536
25.673038
27.230324
28.525427
29.545900
30.281939
30.726471
30.875221
30.726757
30.282497
29.546698
28.526421
27.231453
25.674231
23.869709
21.835232
19.590357
17.156681
14.557630
11.818228
8.964869
6.025054
3.027127
0.000000
-3.027127
-3.027372
3.339614
6.646860
9.889820
13.037300
16.059034
18.925962
21.610514
24.086870
26.331219
28.321978
30.040007
31.468794
32.594604
33.406612
33.897022
34.061111
33.897301
33.407158
32.595379
31.469761
30.041105
28.323137
26.332359
24.087912
21.611376
18.926579
16.059362
13.037340
9.889624
6.646547
3.339377
0.000000
-3.339377
-3.339614
3.684063
7.332447
10.909950
14.382157
17.715672
20.878431
23.840014
26.571932
29.047911
31.244137
33.139492
34.715752
35.957764
36.853580
37.394600
37.575607
37.394867
36.854107
35.958515
34.716690
33.140556
31.245262
29.049019
26.572943
23.840849
20.879028
17.715992
14.382196
10.909760
7.332144
3.683833
0.000000
-3.683833
-3.684063
4.064041
8.088750
12.035304
15.865732
19.543186
23.032291
26.299479
29.313320
32.044823
34.467709
36.558678
38.297623
39.667820
40.656090
41.252937
41.452614
41.253197
40.656601
39.668545
38.298527
36.559708
34.468792
32.045891
29.314295
26.300285
23.032867
19.543495
15.865769
12.035121
8.088458
4.063818
0.000000
-4.063818
-4.064041
4.483212
8.923063
13.276735
17.502335
21.559206
25.408316
29.012632
32.337475
35.350857
38.023785
40.330547
42.248955
43.760559
44.850822
45.509254
45.729523
45.509506
44.851311
43.761257
42.249825
40.331532
38.024826
35.351883
32.338409
29.013407
25.408869
21.559502
17.502371
13.276560
8.922783
4.482999
0.000000
-4.482999
-4.483212
4.945621
9.843436
14.646220
19.307751
23.783175
28.029427
32.005646
35.673569
38.997906
41.946667
44.491478
46.607864
48.275463
49.478233
50.204609
50.447590
50.204845
49.478703
48.276131
46.608696
44.492420
41.947659
38.998886
35.674465
32.006386
28.029955
23.783457
19.307785
14.646051
9.843169
4.945417
0.000000
-4.945417
-4.945621
5.455728
10.858746
16.156967
21.299397
26.236547
30.920906
35.307392
39.353786
43.021149
46.274193
49.081615
51.416397
53.256084
54.582970
55.384289
55.652332
55.384514
54.583408
53.256714
51.417183
49.082504
46.275135
43.022076
39.354630
35.308090
30.921406
26.236815
21.299431
16.156809
10.858493
5.455535
0.000000
-5.455535
-5.455728
6.018452
11.978786
17.823549
23.496483
28.942989
34.110645
38.949715
43.413620
47.459396
51.048111
54.145226
56.720940
58.750458
60.214260
61.098259
61.393948
61.098473
60.214676
58.751053
56.721676
54.146065
51.048996
47.460266
43.414413
38.950371
34.111114
28.943241
23.496515
17.823401
11.978548
6.018271
0.000000
-6.018271
-6.018452
6.639223
13.214360
19.662045
25.920204
31.928606
37.629414
42.967751
47.892235
52.355461
56.314472
59.731163
62.572651
64.811592
66.426437
67.401642
67.727821
67.401840
66.426819
64.812141
62.573334
59.731937
56.315292
52.356266
47.892967
42.968361
37.629848
31.928839
25.920235
19.661905
13.214140
6.639055
0.000000
-6.639055
-6.639223
7.324028
14.577388
21.690184
28.593939
35.222198
41.511150
47.400257
52.832829
57.756565
62.124069
65.893303
69.027985
71.497948
73.279411
74.355232
74.715057
74.355415
73.279762
71.498451
69.028610
65.894012
62.124817
57.757301
52.833500
47.400814
41.511547
35.222412
28.593966
21.690058
14.577187
7.323874
0.000000
-7.323874
-7.324028
8.079473
16.081017
23.927532
31.543478
38.855534
45.793304
52.289993
58.283062
63.714809
68.532944
72.691086
76.149208
78.874023
80.839294
82.026108
82.423042
82.026268
80.839607
78.874466
76.149765
72.691727
68.533615
63.715469
58.283665
52.290493
45.793659
38.855724
31.543503
23.927420
16.080835
8.079335
0.000000
-8.079335
-8.079473
8.912844
17.739748
26.395672
34.797272
42.863659
50.517174
57.684124
64.295509
70.287666
75.602921
80.190086
84.005013
87.010963
89.179001
90.488266
90.926132
90.488403
89.179276
87.011353
84.005501
80.190643
75.603508
70.288246
64.296028
57.684559
50.517483
42.863827
34.797295
26.395573
17.739592
8.912724
0.000000
-8.912724
-8.912844
9.832181
19.569586
29.118410
38.386707
47.285244
55.728333
63.634678
70.928162
77.538544
83.402191
88.462639
92.671173
95.987259
98.378990
99.823326
100.306358
99.823441
98.379219
95.987587
92.671577
88.463104
83.402679
77.539024
70.928596
63.635044
55.728592
47.285381
38.386726
29.118328
19.569454
9.832081
0.000000
-9.832081
-9.832181
10.846352
21.588179
32.122009
42.346409
52.162930
61.477043
70.199059
78.244995
85.537384
92.005989
97.588547
102.231285
105.889504
108.527992
110.121330
110.654190
110.121429
108.528175
105.889763
102.231606
97.588905
92.006378
85.537758
78.245346
70.199348
61.477245
52.163040
42.346424
32.121944
21.588076
10.846273
0.000000
-10.846273
-10.846352
11.965139
23.814999
35.435444
46.714573
57.543770
67.818756
77.440582
86.316605
94.361336
101.497315
107.655823
112.777565
116.813209
119.723907
121.481628
122.069443
121.481697
119.724037
116.813393
112.777786
107.656075
101.497581
94.361595
86.316841
77.440788
67.818901
57.543846
46.714584
35.435398
23.814928
11.965084
0.000000
-11.965084
-11.965139
13.199334
26.271526
39.090675
51.533333
63.479671
74.814651
85.429108
95.220833
104.095520
111.967705
118.761589
124.411743
128.863754
132.074737
134.013794
134.662247
134.013824
132.074814
128.863846
124.411858
118.761719
111.967850
104.095657
95.220955
85.429214
74.814728
63.479713
51.533337
39.090652
26.271488
13.199306
0.000000
-13.199306
-13.199334
14.560843
28.981457
43.122963
56.849171
70.027893
82.532204
94.241684
105.043571
114.833824
123.518173
131.012970
137.246033
142.157349
145.699615
147.838715
148.554047
147.838715
145.699615
142.157349
137.246033
131.012970
123.518173
114.833824
105.043571
94.241684
82.532204
70.027893
56.849171
43.122963
28.981457
14.560843
0.000000
-14.560843
-14.560843
14.560843
28.981457
43.122963
56.849171
70.027893
82.532204
94.241684
105.043571
114.833824
123.518173
131.012970
137.246033
142.157349
145.699615
147.838715
148.554047
147.838715
145.699615
142.157349
137.246033
131.012970
123.518173
114.833824
105.043571
94.241684
82.532204
70.027893
56.849171
43.122963
28.981457
14.560843
0.000000
-14.560843
-14.560843
0.765772
1.523916
2.267046
2.988054
3.680052
4.336426
4.950902
5.517608
6.031126
6.486556
6.879550
7.206360
7.463872
7.649634
7.761874
7.799521
7.762210
7.650288
7.464808
7.207522
6.880869
6.487947
6.032493
5.518850
4.951924
4.337148
0.844829
1.681269
2.501184
3.296722
4.060279
4.784552
5.462612
6.087974
6.654656
7.157245
7.590938
7.951597
8.235781
8.440779
8.564635
8.606166
8.564970
8.441431
8.236714
7.952758
7.592256
7.158634
6.656022
6.089215
5.463634
4.785276
4.060656
3.296749
2.500926
1.680875
0.844532
0.000000
-0.844532
-1.680875
-2.500926
-3.296749
0.932027
1.854828
2.759433
3.637177
4.479662
5.278826
6.027018
6.717076
7.342397
7.897001
8.375586
8.773579
9.087179
9.313394
9.450063
9.495878
9.450397
9.314044
9.088110
8.774735
8.376899
7.898387
7.343760
6.718316
6.028039
5.279551
4.480041
3.637208
2.759180
1.854438
0.931733
0.000000
-0.931733
-1.854438
-2.759180
-3.637208
1.028208
2.046264
3.044285
4.012702
4.942247
5.824016
6.649564
7.410983
8.100983
8.712960
9.241059
9.680232
10.026280
10.275898
10.426699
10.477240
10.427032
10.276546
10.027207
9.681385
9.242368
8.714340
8.102341
7.412219
6.650583
5.824740
4.942627
4.012737
3.044036
2.045879
1.027917
0.000000
-1.027917
-2.045879
-3.044036
-4.012737
1.134299
2.257426
3.358487
4.426921
5.452495
6.425381
7.336255
8.176388
8.937732
9.612993
10.195710
10.680305
11.062143
11.337575
11.503963
11.559716
11.504294
11.338219
11.063065
10.681451
10.197011
9.614367
8.939082
8.177618
7.337270
6.426103
5.452875
4.426958
3.358243
2.257046
1.134011
0.000000
-1.134011
-2.257046
-3.358243
-4.426958
1.251323
2.490351
3.705070
4.883829
6.015328
7.088721
8.093716
9.020675
9.860713
10.605783
11.248744
11.783442
12.204761
12.508665
12.692248
12.753750
12.692576
12.509304
12.205675
11.784580
11.250036
10.607146
9.862055
9.021896
8.094725
7.089439
6.015708
4.883868
3.704830
2.489975
1.251039
0.000000
-1.251039
-2.489975
-3.704830
-4.883868
-1.251323
1.380410
2.747284
4.087378
5.387833
6.636176
7.820436
8.929252
9.951986
10.878832
11.700903
12.410319
13.000286
13.465152
13.800466
14.003016
14.070859
14.003341
13.801100
13.466060
13.001415
12.411602
11.702255
10.880163
9.953198
8.930253
7.821150
6.636554
5.387873
4.087142
2.746912
1.380129
0.000000
-1.380129
-2.746912
-4.087142
-5.387873
-1.380410
1.522804
3.030704
4.509098
5.943794
7.321027
8.627584
9.850923
10.979306
12.001908
12.908918
13.691642
14.342574
14.855476
15.225437
15.448908
15.523746
15.449230
15.226065
14.856376
14.343692
13.692912
12.910259
12.003227
10.980508
9.851915
8.628291
7.321403
5.943835
4.508865
3.030337
1.522527
0.000000
-1.522527
-3.030337
-4.508865
-5.943835
-1.522804
1.679880
3.343345
4.974298
6.557075
8.076488
9.517948
10.867620
12.112544
13.240774
14.241483
15.105069
15.823253
16.389145
16.797323
17.043875
17.126429
17.044193
16.797945
16.390034
15.824358
15.106326
14.242808
13.242080
12.113733
10.868602
9.518649
8.076859
6.557117
4.974069
3.342984
1.679606
0.000000
-1.679606
-3.342984
-4.974069
-1.679880
1.853152
3.688223
5.487465
7.233593
8.909843
10.500119
11.989149
13.362632
14.607382
15.711449
16.664238
17.456606
18.080952
18.531290
18.803299
18.894365
18.803614
18.531904
18.081831
17.457697
16.665478
15.712758
14.608670
13.363807
11.990120
10.500813
8.910213
7.233636
5.487240
3.687867
1.852882
0.000000
-1.852882
-3.687867
-5.487240
-1.853152
2.044291
4.068665
6.053550
7.979873
9.829135
11.583571
13.226329
14.741628
16.114912
17.332996
18.384184
19.258389
19.947216
20.444061
20.744152
20.844608
20.744463
20.444664
19.948082
19.259464
18.385406
17.334288
16.116182
14.742785
13.227286
11.584255
9.829499
7.979916
6.053329
4.068315
2.044025
0.000000
-2.044025
-2.044291
2.255142
4.488339
6.678012
8.803114
10.843228
12.778755
14.591094
16.262833
17.777908
19.121767
20.281502
21.245979
22.005939
22.554087
22.885157
22.995972
22.885462
22.554680
22.006790
21.247038
20.282705
19.123035
17.779158
16.263971
14.592036
12.779428
10.843588
8.803156
6.677795
4.487996
2.254881
0.000000
-2.254881
-2.255142
2.487738
4.951296
7.366876
9.711255
11.961906
14.097198
16.096609
17.940920
19.612408
21.095015
22.374493
23.438553
24.276979
24.881720
25.246965
25.369207
25.247265
24.882303
24.277815
23.439592
22.375673
21.096260
19.613636
17.942038
16.097534
14.097859
11.962259
9.711298
7.366663
4.950959
2.487482
0.000000
-2.487482
-2.487738
2.744323
5.461999
8.126785
10.713058
13.195960
15.551620
17.757395
19.792078
21.636112
23.271772
24.683342
25.857258
26.782246
27.449415
27.852360
27.987206
27.852653
27.449986
26.783062
25.858276
24.684498
23.272993
21.637312
19.793173
17.758301
15.552268
13.196305
10.713100
8.126578
5.461669
2.744072
0.000000
-2.744072
-2.744323
3.027372
6.025376
8.965072
11.818187
14.557292
17.156050
19.589472
21.834162
23.868536
25.673038
27.230324
28.525427
29.545900
30.281939
30.726471
30.875221
30.726757
30.282497
29.546698
28.526421
27.231453
25.674231
23.869709
21.835232
19.590357
17.156681
14.557630
11.818228
8.964869
6.025054
3.027127
0.000000
-3.027127
-3.027372
3.339614
6.646860
9.889820
13.037300
16.059034
18.925962
21.610514
24.086870
26.331219
28.321978
30.040007
31.468794
32.594604
33.406612
33.897022
34.061111
33.897301
33.407158
32.595379
31.469761
30.041105
28.323137
26.332359
24.087912
21.611376
18.926579
16.059362
13.037340
9.889624
6.646547
3.339377
0.000000
-3.339377
-3.339614
3.684063
7.332447
10.909950
14.382157
17.715672
20.878431
23.840014
26.571932
29.047911
31.244137
33.139492
34.715752
35.957764
36.853580
37.394600
37.575607
37.394867
36.854107
35.958515
34.716690
33.140556
31.245262
29.049019
26.572943
23.840849
20.879028
17.715992
14.382196
10.909760
7.332144
3.683833
0.000000
-3.683833
-3.684063
4.064041
8.088750
12.035304
15.865732
19.543186
23.032291
26.299479
29.313320
32.044823
34.467709
36.558678
38.297623
39.667820
40.656090
41.252937
41.452614
41.253197
40.656601
39.668545
38.298527
36.559708
34.468792
32.045891
29.314295
26.300285
23.032867
19.543495
15.865769
12.035121
8.088458
4.063818
0.000000
-4.063818
-4.064041
4.483212
8.923063
13.276735
17.502335
21.559206
25.408316
29.012632
32.337475
35.350857
38.023785
40.330547
42.248955
43.760559
44.850822
45.509254
45.729523
45.509506
44.851311
43.761257
42.249825
40.331532
38.024826
35.351883
32.338409
29.013407
25.408869
21.559502
17.502371
13.276560
8.922783
4.482999
0.000000
-4.482999
-4.483212
4.945621
9.843436
14.646220
19.307751
23.783175
28.029427
32.005646
35.673569
38.997906
41.946667
44.491478
46.607864
48.275463
49.478233
50.204609
50.447590
50.204845
49.478703
48.276131
46.608696
44.492420
41.947659
38.998886
35.674465
32.006386
28.029955
23.783457
19.307785
14.646051
9.843169
4.945417
0.000000
-4.945417
-4.945621
5.455728
10.858746
16.156967
21.299397
26.236547
30.920906
35.307392
39.353786
43.021149
46.274193
49.081615
51.416397
53.256084
54.582970
55.384289
55.652332
55.384514
54.583408
53.256714
51.417183
49.082504
46.275135
43.022076
39.354630
35.308090
30.921406
26.236815
21.299431
16.156809
10.858493
5.455535
0.000000
-5.455535
-5.455728
6.018452
11.978786
17.823549
23.496483
28.942989
34.110645
38.949715
43.413620
47.459396
51.048111
54.145226
56.720940
58.750458
60.214260
61.098259
61.393948
61.098473
60.214676
58.751053
56.721676
54.146065
51.048996
47.460266
43.414413
38.950371
34.111114
28.943241
23.496515
17.823401
11.978548
6.018271
0.000000
-6.018271
-6.018452
6.639223
13.214360
19.662045
25.920204
31.928606
37.629414
42.967751
47.892235
52.355461
56.314472
59.731163
62.572651
64.811592
66.426437
67.401642
67.727821
67.401840
66.426819
64.812141
62.573334
59.731937
56.315292
52.356266
47.892967
42.968361
37.629848
31.928839
25.920235
19.661905
13.214140
6.639055
0.000000
-6.639055
-6.639223
7.324028
14.577388
21.690184
28.593939
35.222198
41.511150
47.400257
52.832829
57.756565
62.124069
65.893303
69.027985
71.497948
73.279411
74.355232
74.715057
74.355415
73.279762
71.498451
69.028610
65.894012
62.124817
57.757301
52.833500
47.400814
41.511547
35.222412
28.593966
21.690058
14.577187
7.323874
0.000000
-7.323874
-7.324028
8.079473
16.081017
23.927532
31.543478
38.855534
45.793304
52.289993
58.283062
63.714809
68.532944
72.691086
76.149208
78.874023
80.839294
82.026108
82.423042
82.026268
80.839607
78.874466
76.149765
72.691727
68.533615
63.715469
58.283665
52.290493
45.793659
38.855724
31.543503
23.927420
16.080835
8.079335
0.000000
-8.079335
-8.079473
8.912844
17.739748
26.395672
34.797272
42.863659
50.517174
57.684124
64.295509
70.287666
75.602921
80.190086
84.005013
87.010963
89.179001
90.488266
90.926132
90.488403
89.179276
87.011353
84.005501
80.190643
75.603508
70.288246
64.296028
57.684559
50.517483
42.863827
34.797295
26.395573
17.739592
8.912724
0.000000
-8.912724
-8.912844
9.832181
19.569586
29.118410
38.386707
47.285244
55.728333
63.634678
70.928162
77.538544
83.402191
88.462639
92.671173
95.987259
98.378990
99.823326
100.306358
99.823441
98.379219
95.987587
92.671577
88.463104
83.402679
77.539024
70.928596
63.635044
55.728592
47.285381
38.386726
29.118328
19.569454
9.832081
0.000000
-9.832081
-9.832181
10.846352
21.588179
32.122009
42.346409
52.162930
61.477043
70.199059
78.244995
85.537384
92.005989
97.588547
102.231285
105.889504
108.527992
110.121330
110.654190
110.121429
108.528175
105.889763
102.231606
97.588905
92.006378
85.537758
78.245346
70.199348
61.477245
52.163040
42.346424
32.121944
21.588076
10.846273
0.000000
-10.846273
-10.846352
11.965139
23.814999
35.435444
46.714573
57.543770
67.818756
77.440582
86.316605
94.361336
101.497315
107.655823
112.777565
116.813209
119.723907
121.481628
122.069443
121.481697
119.724037
116.813393
112.777786
107.656075
101.497581
94.361595
86.316841
77.440788
67.818901
57.543846
46.714584
35.435398
23.814928
11.965084
0.000000
-11.965084
-11.965139
13.199334
26.271526
39.090675
51.533333
63.479671
74.814651
85.429108
95.220833
104.095520
111.967705
118.761589
124.411743
128.863754
132.074737
134.013794
134.662247
134.013824
132.074814
128.863846
124.411858
118.761719
111.967850
104.095657
95.220955
85.429214
74.814728
63.479713
51.533337
39.090652
26.271488
13.199306
0.000000
-13.199306
-13.199334
0.000000
0.000000
0.000000
0.000000
0.000000
0.000000
0.000000
0.000000
0.000000
0.000000
0.000000
0.000000
0.000000
0.000000
0.000000
0.000000
0.000000
0.000000
0.000000
0.000000
0.000000
0.000000
0.000000
0.000000
0.000000
0.000000
0.000000
1.000000
1.000000
1.000000
1.000000
1.000000
1.000000
1.000000
1.000000
1.000000
1.000000
1.000000
1.000000
1.000000
1.000000
1.000000
1.000000
1.000000
1.000000
1.000000
1.000000
1.000000
1.000000
1.000000
1.000000
1.000000
1.000000
1.000000
0.000000
0.000000
0.000000
0.000000
0.000000
0.000000
0.000000
0.000000
0.000000
0.000000
0.000000
0.000000
0.000000
0.000000
0.000000
0.000000
0.000000
0.000000
0.000000
0.000000
0.000000
0.000000
0.000000
0.000000
0.000000
0.000000
0.000000
0.000000
0.000000
0.000000
0.000000
0.000000
0.000000
0.000000
0.000000
0.000000
0.000000
0.000000
0.000000
0.000000
0.000000
0.000000
0.000000
0.000000
0.000000
0.000000
0.000000
0.000000
0.000000
0.000000
0.000000
0.000000
0.000000
0.000000
0.000000
0.000000
0.000000
0.000000
0.000000
0.000000
0.000000
0.000000
0.000000
0.000000
0.000000
0.000000
0.000000
0.000000
0.000000
0.000000
0.000000
0.000000
0.000000
0.000000
0.000000
0.000000
0.000000
0.000000
0.000000
0.000000
0.000000
0.000000
0.000000
0.000000
0.000000
0.000000
0.000000
0.000000
0.000000
0.000000
0.000000
0.000000
0.000000
0.000000
0.000000
0.000000
0.000000
0.000000
0.000000
0.000000
0.000000
0.000000
0.000000
0.000000
0.000000
0.000000
0.000000
0.000000
0.000000
0.000000
0.000000
0.000000
0.000000
0.000000
0.000000
0.000000
0.000000
0.000000
0.000000
0.000000
0.000000
0.000000
0.000000
0.000000
0.000000
0.000000
0.000000
0.000000
0.000000
0.000000
0.000000
0.000000
0.000000
0.000000
0.000000
0.000000
0.000000
0.000000
0.000000
0.000000
0.000000
0.000000
0.000000
0.000000
0.000000
0.000000
0.000000
0.000000
0.000000
0.000000
0.000000
0.000000
0.000000
0.000000
0.000000
0.000000
0.000000
0.000000
0.000000
0.000000
0.000000
0.000000
0.000000
0.000000
0.000000
0.000000
0.000000
0.000000
0.000000
0.000000
0.000000
0.000000
0.000000
0.000000
0.000000
0.000000
0.000000
0.000000
0.000000
0.000000
0.000000
0.000000
0.000000
0.000000
0.000000
0.000000
0.000000
0.000000
0.000000
0.000000
0.000000
0.000000
0.000000
0.000000
0.000000
0.000000
0.000000
0.000000
0.000000
0.000000
0.000000
0.000000
0.000000
0.000000
0.000000
0.000000
0.000000
0.000000
0.000000
0.000000
0.000000
0.000000
0.000000
0.000000
0.000000
0.000000
0.000000
0.000000
0.000000
0.000000
0.000000
0.000000
0.000000
0.000000
0.000000
0.000000
0.000000
0.000000
0.000000
0.000000
0.000000
0.000000
0.000000
0.000000
0.000000
0.000000
0.000000
0.000000
0.000000
0.000000
0.000000
0.000000
0.000000
0.000000
0.000000
0.000000
0.000000
0.000000
0.000000
0.000000
0.000000
0.000000
0.000000
0.000000
0.000000
0.000000
0.000000
0.000000
0.000000
0.000000
0.000000
0.000000
0.000000
0.000000
0.000000
0.000000
0.000000
0.000000
0.000000
0.000000
0.000000
0.000000
0.000000
0.000000
0.000000
0.000000
0.000000
0.000000
0.000000
0.000000
0.000000
0.000000
0.000000
0.000000
0.000000
0.000000
0.000000
0.000000
0.000000
0.000000
0.000000
0.000000
0.000000
0.000000
0.000000
0.000000
0.000000
0.000000
0.000000
0.000000
0.000000
0.000000
0.000000
0.000000
0.000000
0.000000
0.000000
0.000000
0.000000
0.000000
0.000000
0.000000
0.000000
0.000000
0.000000
0.000000
0.000000
0.000000
0.000000
0.000000
0.000000
0.000000
0.000000
0.000000
0.000000
0.000000
0.000000
0.000000
0.000000
0.000000
0.000000
0.000000
0.000000
0.000000
0.000000
0.000000
0.000000
0.000000
0.000000
0.000000
0.000000
0.000000
0.000000
0.000000
0.000000
0.000000
0.000000
0.000000
0.000000
0.000000
0.000000
0.000000
0.000000
0.000000
0.000000
0.000000
0.000000
0.000000
0.000000
0.000000
0.000000
0.000000
0.000000
0.000000
0.000000
0.000000
0.000000
0.000000
0.000000
0.000000
0.000000
0.000000
0.000000
0.000000
0.000000
0.000000
0.000000
0.000000
0.000000
0.000000
0.000000
0.000000
0.000000
0.000000
0.000000
0.000000
0.000000
0.000000
0.000000
0.000000
0.000000
0.000000
0.000000
0.000000
0.000000
0.000000
0.000000
0.000000
0.000000
0.000000
0.000000
0.000000
0.000000
0.000000
0.000000
0.000000
0.000000
0.000000
0.000000
0.000000
0.000000
0.000000
0.000000
0.000000
0.000000
0.000000
0.000000
0.000000
0.000000
0.000000
0.000000
0.000000
0.000000
0.000000
0.000000
0.000000
0.000000
0.000000
0.000000
0.000000
0.000000
0.000000
0.000000
0.000000
0.000000
0.000000
0.000000
0.000000
0.000000
0.000000
0.000000
0.000000
0.000000
0.000000
0.000000
0.000000
0.000000
0.000000
0.000000
0.000000
0.000000
0.000000
0.000000
0.000000
0.000000
0.000000
0.000000
0.000000
0.000000
0.000000
0.000000
0.000000
0.000000
0.000000
0.000000
0.000000
0.000000
0.000000
0.000000
0.000000
0.000000
0.000000
0.000000
0.000000
0.000000
0.000000
0.000000
0.000000
0.000000
0.000000
0.000000
0.000000
0.000000
0.000000
0.000000
0.000000
0.000000
0.000000
0.000000
0.000000
0.000000
0.000000
0.000000
0.000000
0.000000
0.000000
0.000000
0.000000
0.000000
0.000000
0.000000
0.000000
0.000000
0.000000
0.000000
0.000000
0.000000
0.000000
0.000000
0.000000
0.000000
0.000000
0.000000
0.000000
0.000000
0.000000
0.000000
0.000000
0.000000
0.000000
0.000000
0.000000
0.000000
0.000000
0.000000
0.000000
0.000000
0.000000
0.000000
0.000000
0.000000
0.000000
0.000000
0.000000
0.000000
0.000000
0.000000
0.000000
0.000000
0.000000
0.000000
0.000000
0.000000
0.000000
0.000000
0.000000
0.000000
0.000000
0.000000
0.000000
0.000000
0.000000
0.000000
0.000000
0.000000
0.000000
0.000000
0.000000
0.000000
0.000000
0.000000
0.000000
0.000000
0.000000
0.000000
0.000000
0.000000
0.000000
0.000000
0.000000
0.000000
0.000000
0.000000
0.000000
0.000000
0.000000
0.000000
0.000000
0.000000
0.000000
0.000000
0.000000
0.000000
0.000000
0.000000
0.000000
0.000000
0.000000
0.000000
0.000000
0.000000
0.000000
0.000000
0.000000
0.000000
0.000000
0.000000
0.000000
0.000000
0.000000
0.000000
0.000000
0.000000
0.000000
0.000000
0.000000
0.000000
0.000000
0.000000
0.000000
0.000000
0.000000
0.000000
0.000000
0.000000
0.000000
0.000000
0.000000
0.000000
0.000000
0.000000
0.000000
0.000000
0.000000
0.000000
0.000000
0.000000
0.000000
0.000000
0.000000
0.000000
0.000000
0.000000
0.000000
0.000000
0.000000
0.000000
0.000000
0.000000
0.000000
0.000000
0.000000
0.000000
0.000000
0.000000
0.000000
0.000000
0.000000
0.000000
0.000000
0.000000
0.000000
0.000000
0.000000
0.000000
0.000000
0.000000
0.000000
0.000000
0.000000
0.000000
0.000000
0.000000
0.000000
0.000000
0.000000
0.000000
0.000000
0.000000
0.000000
0.000000
0.000000
0.000000
0.000000
0.000000
0.000000
0.000000
0.000000
0.000000
0.000000
0.000000
0.000000
0.000000
0.000000
0.000000
0.000000
0.000000
0.000000
0.000000
0.000000
0.000000
0.000000
0.000000
0.000000
0.000000
0.000000
0.000000
0.000000
0.000000
0.000000
0.000000
0.000000
0.000000
0.000000
0.000000
0.000000
0.000000
0.000000
0.000000
0.000000
0.000000
0.000000
0.000000
0.000000
0.000000
0.000000
0.000000
0.000000
0.000000
0.000000
0.000000
0.000000
0.000000
0.000000
0.000000
0.000000
0.000000
0.000000
0.000000
0.000000
0.000000
0.000000
0.000000
0.000000
0.000000
0.000000
0.000000
0.000000
0.000000
0.000000
0.000000
0.000000
0.000000
0.000000
0.000000
0.000000
0.000000
0.000000
0.000000
0.000000
0.000000
0.000000
0.000000
0.000000
0.000000
0.000000
0.000000
0.000000
0.000000
0.000000
0.000000
0.000000
0.000000
0.000000
0.000000
0.000000
0.000000
0.000000
0.000000
0.000000
0.000000
0.000000
0.000000
0.000000
0.000000
0.000000
0.000000
0.000000
0.000000
0.000000
0.000000
0.000000
0.000000
0.000000
0.000000
0.000000
0.000000
0.000000
0.000000
0.000000
0.000000
0.000000
0.000000
0.000000
0.000000
0.000000
0.000000
0.000000
0.000000
0.000000
0.000000
0.000000
0.000000
0.000000
0.000000
0.000000
0.000000
0.000000
0.000000
0.000000
0.000000
0.000000
0.000000
0.000000
0.000000
0.000000
0.000000
0.000000
0.000000
0.000000
0.000000
0.000000
0.000000
0.000000
0.000000
0.000000
0.000000
0.000000
0.000000
0.000000
0.000000
0.000000
0.000000
0.000000
0.000000
0.000000
0.000000
0.000000
0.000000
0.000000
0.000000
0.000000
0.000000
0.000000
0.000000
0.000000
0.000000
0.000000
0.000000
0.000000
0.000000
0.000000
0.000000
0.000000
0.000000
0.000000
0.000000
0.000000
0.000000
0.000000
0.000000
0.000000
0.000000
0.000000
0.000000
0.000000
0.000000
0.000000
0.000000
0.000000
0.000000
0.000000
0.000000
0.000000
0.000000
0.000000
0.000000
0.000000
0.000000
0.000000
0.000000
0.000000
0.000000
0.000000
0.000000
0.000000
0.000000
0.000000
0.000000
0.000000
0.000000
0.000000
0.000000
0.000000
0.000000
0.000000
0.000000
0.000000
0.000000
0.000000
0.000000
0.000000
0.000000
0.000000
0.000000
0.000000
0.000000
0.000000
0.000000
0.000000
0.000000
0.000000
0.000000
0.000000
0.000000
0.000000
0.000000
0.000000
0.000000
0.000000
0.000000
0.000000
0.000000
0.000000
0.000000
0.000000
0.000000
0.000000
0.000000
0.000000
0.000000
0.000000
0.000000
0.000000
0.000000
0.000000
0.000000
0.000000
0.000000
0.000000
0.000000
0.000000
0.000000
0.000000
0.000000
0.000000
0.000000
0.000000
0.000000
0.000000
0.000000
0.000000
0.000000
0.000000
0.000000
0.000000
0.000000
0.000000
0.000000
0.000000
0.000000
0.000000
0.000000
0.000000
0.000000
0.000000
0.000000
0.000000
0.000000
0.000000
0.000000
0.000000
0.000000
0.000000
0.000000
0.000000
0.000000
0.000000
0.000000
0.000000
0.000000
0.000000
0.000000
0.000000
0.000000
0.000000
0.000000
0.000000
0.000000
0.000000
0.000000
0.000000
0.000000
0.000000
0.000000
0.000000
0.000000
0.000000
0.000000
0.000000
0.000000
0.000000
0.000000
0.000000
0.000000
0.000000
0.000000
0.000000
0.000000
0.000000
0.000000
0.000000
0.000000
0.000000
0.000000
0.000000
0.000000
0.000000
0.000000
0.000000
0.000000
0.000000
0.000000
0.000000
0.000000
0.000000
0.000000
0.000000
0.000000
0.000000
0.000000
0.000000
0.000000
0.000000
0.000000
0.000000
0.000000
0.000000
0.000000
0.000000
0.000000
0.000000
0.000000
0.000000
0.000000
0.000000
0.000000
0.000000
0.000000
0.000000
0.000000
0.000000
0.000000
0.000000
0.000000
0.000000
0.000000
0.000000
0.000000
0.000000
0.000000
0.000000
0.000000
0.000000
0.000000
0.000000
0.000000
1.000000
1.000000
1.000000
1.000000
1.000000
1.000000
1.000000
1.000000
1.000000
1.000000
1.000000
1.000000
1.000000
1.000000
1.000000
1.000000
1.000000
1.000000
1.000000
1.000000
1.000000
1.000000
1.000000
1.000000
1.000000
1.000000
1.000000
1.000000
1.000000
1.000000
1.000000
1.000000
1.000000
1.000000
1.000000
1.000000
1.000000
1.000000
1.000000
1.000000
1.000000
1.000000
1.000000
1.000000
1.000000
1.000000
1.000000
1.000000
1.000000
1.000000
1.000000
1.000000
1.000000
1.000000
1.000000
1.000000
1.000000
1.000000
1.000000
1.000000
1.000000
1.000000
1.000000
1.000000
1.000000
1.000000
1.000000
1.000000
1.000000
1.000000
1.000000
1.000000
1.000000
1.000000
1.000000
1.000000
1.000000
1.000000
1.000000
1.000000
1.000000
1.000000
1.000000
1.000000
1.000000
1.000000
1.000000
1.000000
1.000000
1.000000
1.000000
1.000000
1.000000
1.000000
1.000000
1.000000
1.000000
1.000000
1.000000
1.000000
1.000000
1.000000
1.000000
1.000000
1.000000
1.000000
1.000000
1.000000
1.000000
1.000000
1.000000
1.000000
1.000000
1.000000
1.000000
1.000000
1.000000
1.000000
1.000000
1.000000
1.000000
1.000000
1.000000
1.000000
1.000000
1.000000
1.000000
1.000000
1.000000
1.000000
1.000000
1.000000
1.000000
1.000000
1.000000
1.000000
1.000000
1.000000
1.000000
1.000000
1.000000
1.000000
1.000000
1.000000
1.000000
1.000000
1.000000
1.000000
1.000000
1.000000
1.000000
1.000000
1.000000
1.000000
1.000000
1.000000
1.000000
1.000000
1.000000
1.000000
1.000000
1.000000
1.000000
1.000000
1.000000
1.000000
1.000000
1.000000
1.000000
1.000000
1.000000
1.000000
1.000000
1.000000
1.000000
1.000000
1.000000
1.000000
1.000000
1.000000
1.000000
1.000000
1.000000
1.000000
1.000000
1.000000
1.000000
1.000000
1.000000
1.000000
1.000000
1.000000
1.000000
1.000000
1.000000
1.000000
1.000000
1.000000
1.000000
1.000000
1.000000
1.000000
1.000000
1.000000
1.000000
1.000000
1.000000
1.000000
1.000000
1.000000
1.000000
1.000000
1.000000
1.000000
1.000000
1.000000
1.000000
1.000000
1.000000
1.000000
1.000000
1.000000
1.000000
1.000000
1.000000
1.000000
1.000000
1.000000
1.000000
1.000000
1.000000
1.000000
1.000000
1.000000
1.000000
1.000000
1.000000
1.000000
1.000000
1.000000
1.000000
1.000000
1.000000
1.000000
1.000000
1.000000
1.000000
1.000000
1.000000
1.000000
1.000000
1.000000
1.000000
1.000000
1.000000
1.000000
1.000000
1.000000
1.000000
1.000000
1.000000
1.000000
1.000000
1.000000
1.000000
1.000000
1.000000
1.000000
1.000000
1.000000
1.000000
1.000000
1.000000
1.000000
1.000000
1.000000
1.000000
1.000000
1.000000
1.000000
1.000000
1.000000
1.000000
1.000000
1.000000
1.000000
1.000000
1.000000
1.000000
1.000000
1.000000
1.000000
1.000000
1.000000
1.000000
1.000000
1.000000
1.000000
1.000000
1.000000
1.000000
1.000000
1.000000
1.000000
1.000000
1.000000
1.000000
1.000000
1.000000
1.000000
1.000000
1.000000
1.000000
1.000000
1.000000
1.000000
1.000000
1.000000
1.000000
1.000000
1.000000
1.000000
1.000000
1.000000
1.000000
1.000000
1.000000
1.000000
1.000000
1.000000
1.000000
1.000000
1.000000
1.000000
1.000000
1.000000
1.000000
1.000000
1.000000
1.000000
1.000000
1.000000
1.000000
1.000000
1.000000
1.000000
1.000000
1.000000
1.000000
1.000000
1.000000
1.000000
1.000000
1.000000
1.000000
1.000000
1.000000
1.000000
1.000000
1.000000
1.000000
1.000000
1.000000
1.000000
1.000000
1.000000
1.000000
1.000000
1.000000
1.000000
1.000000
1.000000
1.000000
1.000000
1.000000
1.000000
1.000000
1.000000
1.000000
1.000000
1.000000
1.000000
1.000000
1.000000
1.000000
1.000000
1.000000
1.000000
1.000000
1.000000
1.000000
1.000000
1.000000
1.000000
1.000000
1.000000
1.000000
1.000000
1.000000
1.000000
1.000000
1.000000
1.000000
1.000000
1.000000
1.000000
1.000000
1.000000
1.000000
1.000000
1.000000
1.000000
1.000000
1.000000
1.000000
1.000000
1.000000
1.000000
1.000000
1.000000
1.000000
1.000000
1.000000
1.000000
1.000000
1.000000
1.000000
1.000000
1.000000
1.000000
1.000000
1.000000
1.000000
1.000000
1.000000
1.000000
1.000000
1.000000
1.000000
1.000000
1.000000
1.000000
1.000000
1.000000
1.000000
1.000000
1.000000
1.000000
1.000000
1.000000
1.000000
1.000000
1.000000
1.000000
1.000000
1.000000
1.000000
1.000000
1.000000
1.000000
1.000000
1.000000
1.000000
1.000000
1.000000
1.000000
1.000000
1.000000
1.000000
1.000000
1.000000
1.000000
1.000000
1.000000
1.000000
1.000000
1.000000
1.000000
1.000000
1.000000
1.000000
1.000000
1.000000
1.000000
1.000000
1.000000
1.000000
1.000000
1.000000
1.000000
1.000000
1.000000
1.000000
1.000000
1.000000
1.000000
1.000000
1.000000
1.000000
1.000000
1.000000
1.000000
1.000000
1.000000
1.000000
1.000000
1.000000
1.000000
1.000000
1.000000
1.000000
1.000000
1.000000
1.000000
1.000000
1.000000
1.000000
1.000000
1.000000
1.000000
1.000000
1.000000
1.000000
1.000000
1.000000
1.000000
1.000000
1.000000
1.000000
1.000000
1.000000
1.000000
1.000000
1.000000
1.000000
1.000000
1.000000
1.000000
1.000000
1.000000
1.000000
1.000000
1.000000
1.000000
1.000000
1.000000
1.000000
1.000000
1.000000
1.000000
1.000000
1.000000
1.000000
1.000000
1.000000
1.000000
1.000000
1.000000
1.000000
1.000000
1.000000
1.000000
1.000000
1.000000
1.000000
1.000000
1.000000
1.000000
1.000000
1.000000
1.000000
1.000000
1.000000
1.000000
1.000000
1.000000
1.000000
1.000000
1.000000
1.000000
1.000000
1.000000
1.000000
1.000000
1.000000
1.000000
1.000000
1.000000
1.000000
1.000000
1.000000
1.000000
1.000000
1.000000
1.000000
1.000000
1.000000
1.000000
1.000000
1.000000
1.000000
1.000000
1.000000
1.000000
1.000000
1.000000
1.000000
1.000000
1.000000
1.000000
1.000000
1.000000
1.000000
1.000000
1.000000
1.000000
1.000000
1.000000
1.000000
1.000000
1.000000
1.000000
1.000000
1.000000
1.000000
1.000000
1.000000
1.000000
1.000000
1.000000
1.000000
1.000000
1.000000
1.000000
1.000000
1.000000
1.000000
1.000000
1.000000
1.000000
1.000000
1.000000
1.000000
1.000000
1.000000
1.000000
1.000000
1.000000
1.000000
1.000000
1.000000
1.000000
1.000000
1.000000
1.000000
1.000000
1.000000
1.000000
1.000000
1.000000
1.000000
1.000000
1.000000
1.000000
1.000000
1.000000
1.000000
1.000000
1.000000
1.000000
1.000000
1.000000
1.000000
1.000000
1.000000
1.000000
1.000000
1.000000
1.000000
1.000000
1.000000
1.000000
1.000000
1.000000
1.000000
1.000000
1.000000
1.000000
1.000000
1.000000
1.000000
1.000000
1.000000
1.000000
1.000000
1.000000
1.000000
1.000000
1.000000
1.000000
1.000000
1.000000
1.000000
1.000000
1.000000
1.000000
1.000000
1.000000
1.000000
1.000000
1.000000
1.000000
1.000000
1.000000
1.000000
1.000000
1.000000
1.000000
1.000000
1.000000
1.000000
1.000000
1.000000
1.000000
1.000000
1.000000
1.000000
1.000000
1.000000
1.000000
1.000000
1.000000
1.000000
1.000000
1.000000
1.000000
1.000000
1.000000
1.000000
1.000000
1.000000
1.000000
1.000000
1.000000
1.000000
1.000000
1.000000
1.000000
1.000000
1.000000
1.000000
1.000000
1.000000
1.000000
1.000000
1.000000
1.000000
1.000000
1.000000
1.000000
1.000000
1.000000
1.000000
1.000000
1.000000
1.000000
1.000000
1.000000
1.000000
1.000000
1.000000
1.000000
1.000000
1.000000
1.000000
1.000000
1.000000
1.000000
1.000000
1.000000
1.000000
1.000000
1.000000
1.000000
1.000000
1.000000
1.000000
1.000000
1.000000
1.000000
1.000000
1.000000
1.000000
1.000000
1.000000
1.000000
1.000000
1.000000
1.000000
1.000000
1.000000
1.000000
1.000000
1.000000
1.000000
1.000000
1.000000
1.000000
1.000000
1.000000
1.000000
1.000000
1.000000
1.000000
1.000000
1.000000
1.000000
1.000000
1.000000
1.000000
1.000000
1.000000
1.000000
1.000000
1.000000
1.000000
1.000000
1.000000
1.000000
1.000000
1.000000
1.000000
1.000000
1.000000
1.000000
1.000000
1.000000
1.000000
1.000000
1.000000
1.000000
1.000000
1.000000
1.000000
1.000000
1.000000
1.000000
1.000000
1.000000
1.000000
1.000000
1.000000
1.000000
1.000000
1.000000
1.000000
1.000000
1.000000
1.000000
1.000000
1.000000
1.000000
1.000000
1.000000
1.000000
1.000000
1.000000
1.000000
1.000000
1.000000
1.000000
1.000000
1.000000
1.000000
1.000000
1.000000
1.000000
1.000000
1.000000
1.000000
1.000000
1.000000
1.000000
1.000000
1.000000
1.000000
1.000000
1.000000
1.000000
1.000000
1.000000
1.000000
1.000000
1.000000
1.000000
1.000000
1.000000
1.000000
1.000000
1.000000
1.000000
1.000000
1.000000
1.000000
1.000000
1.000000
1.000000
1.000000
1.000000
1.000000
1.000000
1.000000
1.000000
1.000000
1.000000
1.000000
1.000000
1.000000
1.000000
1.000000
1.000000
1.000000
1.000000
1.000000
1.000000
1.000000
1.000000
1.000000
1.000000
1.000000
1.000000
1.000000
1.000000
1.000000
1.000000
1.000000
1.000000
1.000000
1.000000
1.000000
1.000000
1.000000
1.000000
1.000000
1.000000
1.000000
1.000000
1.000000
1.000000
1.000000
1.000000
1.000000
1.000000
1.000000
1.000000
1.000000
1.000000
1.000000
1.000000
1.000000
1.000000
1.000000
1.000000
1.000000
1.000000
1.000000
1.000000
1.000000
1.000000
1.000000
1.000000
1.000000
1.000000
1.000000
1.000000
1.000000
1.000000
1.000000
1.000000
1.000000
1.000000
1.000000
1.000000
1.000000
1.000000
1.000000
1.000000
1.000000
1.000000
1.000000
1.000000
1.000000
1.000000
1.000000
1.000000
1.000000
1.000000
1.000000
1.000000
1.000000
1.000000
1.000000
1.000000
1.000000
1.000000
1.000000
1.000000
1.000000
1.000000
1.000000
1.000000
1.000000
1.000000
1.000000
1.000000
1.000000
1.000000
1.000000
1.000000
1.000000
1.000000
1.000000
1.000000
1.000000
1.000000
1.000000
1.000000
1.000000
1.000000
1.000000
1.000000
1.000000
1.000000
1.000000
1.000000
1.000000
1.000000
1.000000
1.000000
1.000000
1.000000
1.000000
1.000000
1.000000
1.000000
1.000000
1.000000
1.000000
1.000000
1.000000
1.000000
1.000000
1.000000
1.000000
1.000000
1.000000
1.000000
1.000000
1.000000
1.000000
1.000000
1.000000
1.000000
1.000000
1.000000
1.000000
1.000000
3112
3113
3114
3115
3116
3117
3120
3118
3121
3119
3124
3122
3123
3125
3127
3128
3126
3129
3131
3133
3134
3130
3132
3135
3136
3137
3138
3139
3140
3141
3142
3143
3144
3145
3146
3147
3148
3149
3150
3151
3152
3153
3154
3155
3156
3157
3158
3159
3160
3161
3162
3163
3164
3165
3166
3167
3168
3169
3170
3171
3172
3173
3174
3175
3114
3115
3116
3117
3118
3119
3120
3121
3122
3123
3124
3125
3126
3127
3128
3129
3130
3131
3132
3133
3134
3135
3136
3137
3138
3139
3140
3141
3142
3143
3144
3145
3146
3147
3148
3149
3150
3151
3152
3153
3154
3155
3156
3157
3158
3159
3160
3161
3162
3163
3164
3165
3166
3167
3168
3169
3170
3171
3172
3173
3174
3175
3176
3177
01
01
01
01
01
01
01
01
01
01
01
01
01
01
01
01
01
01
01
01
01
01
01
01
01
01
01
01
01
01
01
01
01
01
01
01
01
01
01
01
01
01
01
01
01
01
01
01
01
01
01
01
01
01
01
01
01
01
01
01
01
01
01
01
55 1156 1182 81 
81 1182 1218 117 
116 152 1253 1217 
117 1218 1254 153 
152 188 1289 1253 
153 1254 1290 189 
1 189 1290 29 
188 224 1325 1289 
224 260 1361 1325 
1 29 30 2 
261 2 30 1362 
260 297 1398 1361 
261 1362 1399 298 
297 334 1435 1398 
298 1399 1436 335 
333 370 1471 1434 
334 333 1434 1435 
335 1436 1472 371 
370 406 1507 1471 
371 1472 1508 407 
404 440 1541 1505 
405 404 1505 1506 
406 405 1506 1507 
407 1508 1542 441 
440 474 1575 1541 
441 1542 1576 475 
474 508 1609 1575 
475 1576 1610 509 
508 542 1643 1609 
509 1610 1644 543 
542 576 1677 1643 
543 1644 1678 577 
576 610 1711 1677 
577 1678 1712 611 
610 644 1745 1711 
611 1712 1746 645 
644 678 1779 1745 
645 1746 1780 679 
678 712 1813 1779 
679 1780 1814 713 
712 746 1847 1813 
713 1814 1848 747 
746 780 1881 1847 
747 1848 1882 781 
780 814 1915 1881 
781 1882 1916 815 
814 848 1949 1915 
815 1916 1950 849 
848 882 1983 1949 
849 1950 1984 883 
882 916 2017 1983 
883 1984 2018 917 
916 950 2051 2017 
917 2018 2052 951 
950 984 2085 2051 
951 2052 2086 985 
984 1018 2119 2085 
985 2086 2120 1019 
1018 1052 2153 2119 
1019 2120 2154 1053 
1052 1086 2187 2153 
1053 2154 2188 1087 
1086 1120 1154 2187 
1087 2188 1155 1121 
