VARIABLES="X","Y","Z","Ghostcell in Other Zone","Ghostcell","iZone-jZone"
ZONE T="Element0"
Nodes=2194, Elements=64, ZONETYPE=FEQUADRILATERAL
DATAPACKING=BLOCK
VARLOCATION = ([4,5,6] = CELLCENTERED)
-5.949841
-6.611145
-7.340839
-8.145960
-9.034275
-10.014353
-11.095648
-12.288589
-5.949841
-6.611145
-7.340839
-8.145960
-9.034275
-10.014353
-11.095648
-12.288589
3.562833
3.245983
2.902730
2.536397
2.150519
1.748802
1.335093
0.913346
0.487580
0.061851
-0.359787
-0.773323
-1.174816
-1.560439
-1.926512
4.475962
4.194835
3.878093
3.528827
3.150435
2.746577
2.321148
1.878237
1.422087
0.957059
0.487592
0.018161
-0.446759
-0.902738
-1.345429
-1.770607
-2.174211
-2.552379
-2.901492
-3.218202
-3.499469
-3.742588
-3.945214
-4.105368
-4.221408
-4.291860
5.152692
4.885113
4.575223
4.226054
3.841011
3.423833
2.978557
2.509475
2.021095
1.518101
1.005304
0.487602
-0.030064
-0.542755
-1.045582
-1.533744
-2.002578
-2.447605
-2.864563
-3.249458
-3.598598
-3.908631
-4.176575
-4.399845
-4.576265
-4.704034
-4.781569
5.631639
5.336666
4.995031
4.610075
4.185546
3.725563
3.234575
2.717315
2.178756
1.624063
1.058545
0.487610
-0.083290
-0.648703
-1.203230
-1.741575
-2.258591
-2.749331
-3.209098
-3.633482
-4.018413
-4.360193
-4.655534
-4.901587
-5.095957
-5.236671
-5.322021
6.160180
5.834974
5.458308
5.033859
4.565754
4.058535
3.517102
2.946676
2.352740
1.740994
1.117297
0.487616
-0.142029
-0.765622
-1.377204
-1.970927
-2.541113
-3.082302
-3.589309
-4.057271
-4.481698
-4.858511
-5.184085
-5.455280
-5.669458
-5.824457
-5.918432
6.743412
6.384845
5.969523
5.501493
4.985305
4.425960
3.828862
3.199768
2.544726
1.870023
1.182127
0.487622
-0.206848
-0.894642
-1.569182
-2.224014
-2.852870
-3.449727
-4.008862
-4.524912
-4.992921
-5.408391
-5.767327
-6.066265
-6.302301
-6.473062
-6.576554
-7.302736
7.386962
6.991584
6.533607
6.017490
5.448245
4.831383
4.172863
3.479033
2.756565
2.012395
1.253660
0.487626
-0.278373
-1.037006
-1.781015
-2.503275
-3.196870
-3.855151
-4.471806
-5.040915
-5.557013
-6.015139
-6.410885
-6.740435
-7.000589
-7.188743
-7.302736
-8.103982
8.459736
8.097037
7.661042
7.156002
6.586826
5.959038
5.278714
4.552423
3.787165
2.990301
2.169483
1.332586
0.487630
-0.357292
-1.194088
-2.014746
-2.811405
-3.576430
-4.302485
-4.982605
-5.610258
-6.179416
-6.684607
-7.120968
-7.484294
-7.771059
-7.978403
-8.103982
-8.988023
9.280455
8.880486
8.399678
7.842710
7.214993
6.522614
5.772269
4.971204
4.127137
3.248189
2.342803
1.419667
0.487633
-0.444367
-1.367403
-2.272631
-3.151376
-3.995212
-4.796044
-5.546185
-6.238433
-6.866134
-7.423252
-7.904426
-8.305017
-8.621142
-8.849659
-8.988023
-9.963384
10.185954
9.744867
9.214616
8.600356
7.908051
7.144407
6.316809
5.433245
4.502228
3.532716
2.534025
1.515743
0.487636
-0.540438
-1.558622
-2.557156
-3.526467
-4.457254
-5.340588
-6.167986
-6.931499
-7.623790
-8.238199
-8.768815
-9.210522
-9.559040
-9.810917
-9.963384
-11.039474
11.184970
10.698518
10.113717
9.436249
8.672684
7.830416
6.917586
5.943003
4.916056
3.846628
2.744996
1.621740
0.487638
-0.646431
-1.769590
-2.871067
-3.940295
-4.967015
-5.941370
-6.854002
-7.696142
-8.459693
-9.137310
-9.722473
-10.209541
-10.593799
-10.871448
-11.039474
12.287138
11.750637
11.105654
10.358450
9.516268
8.587257
7.580395
6.505394
5.372613
4.192951
2.977750
1.738681
0.487639
-0.763369
-2.002342
-3.217390
-4.396854
-5.529411
-6.604187
-7.610854
-8.539737
-9.381906
-10.129258
-10.774600
-11.311713
-11.735398
-12.041481
-12.226675
13.503091
12.911373
12.199994
11.375856
10.446940
9.422233
8.311630
7.125845
5.876303
4.575027
3.234531
1.867694
0.487641
-0.892380
-2.259122
-3.599467
-4.900547
-6.149868
-7.335429
-8.445839
-9.470422
-10.399324
-11.223610
-11.935345
-12.527669
-12.994853
-13.332304
-13.536438
15.358865
14.844557
14.191922
13.407295
12.498281
11.473680
10.343396
9.118344
7.810340
6.431984
4.996542
3.517818
2.010024
0.487642
-1.034708
-2.542408
-4.020982
-5.456231
-6.834369
-8.142153
-9.367013
-10.497173
-11.521763
-12.430923
-13.215903
-13.869138
-14.384311
-14.756368
-14.981396
16.891735
16.324476
15.604637
14.739202
13.736552
12.606388
11.359632
10.008320
8.565482
7.045017
5.461561
3.830343
2.167043
0.487643
-1.191726
-2.854933
-4.486003
-6.069269
-7.589517
-9.032138
-10.383263
-11.629896
-12.760049
-13.762844
-14.628628
-15.349059
-15.917173
-16.327408
-16.575487
19.306662
19.034107
18.582800
17.957123
17.163145
16.208561
15.102612
13.855992
12.480744
10.990141
9.398554
7.721315
5.974570
4.175120
2.340267
0.487644
-1.364948
-3.199710
-4.999014
-6.745572
-8.422598
-10.013970
-11.504389
-12.879517
-14.126126
-15.232219
-16.187147
-16.981709
-17.608229
-18.060581
-18.334089
21.246778
20.946156
20.448368
19.758245
18.882479
17.829548
16.609640
15.234547
13.717546
12.073278
10.317593
8.467402
6.540517
4.555476
2.531366
0.487644
-1.556046
-3.580066
-5.564965
-7.491665
-9.341646
-11.097120
-12.741207
-14.258089
-15.633172
-16.853222
-17.906492
-18.782835
-19.473787
-19.972605
-20.274166
23.387087
23.055500
22.506437
21.745220
20.779224
19.617798
18.272171
16.755348
15.081969
13.268180
11.331463
9.290475
7.164863
4.975079
2.742183
0.487645
-1.766863
-3.999670
-6.189313
-8.314744
-10.355527
-12.292037
-14.105647
-15.778910
-17.295723
-18.641489
-19.803249
-20.769812
-21.531845
-22.081921
-22.414431
25.748234
25.382488
24.776857
23.937212
22.871677
21.590561
20.106245
18.433065
16.587173
14.586372
12.449945
10.198472
7.853628
5.437975
2.974752
0.487645
-1.999432
-4.462569
-6.878083
-9.222749
-11.474021
-13.610245
-15.610870
-17.456650
-19.129818
-20.614271
-21.895716
-22.961805
-23.802254
-24.408876
-24.775528
28.352995
27.949566
27.281532
26.355364
25.180021
23.766865
22.129549
20.283884
18.247679
16.040569
13.683827
11.200152
8.613457
5.948633
3.231317
0.487646
-2.255997
-4.973228
-7.637917
-10.224439
-12.707916
-15.064460
-17.271397
-19.307491
-21.153147
-22.790596
-24.204073
-25.379961
-26.306913
-26.975920
-27.380236
31.226494
30.781494
30.044621
29.023003
27.726521
26.167702
24.361603
22.325655
20.079502
17.644800
15.045012
12.305179
9.451679
6.511975
3.514352
0.487646
-2.539032
-5.536572
-8.476144
-11.329474
-14.069116
-16.668711
-19.103245
-21.349289
-23.385227
-25.191458
-26.750589
-28.047604
-29.069986
-29.807808
-30.253674
34.396450
33.905590
33.092773
31.965860
30.535742
28.816233
26.823936
24.578075
22.100315
19.414539
16.546631
13.524210
10.376380
7.133437
3.826588
0.487646
-2.851268
-6.158037
-9.400851
-12.548516
-15.570749
-18.438469
-21.124083
-23.601738
-25.847589
-27.840015
-29.559828
-30.990463
-32.118122
-32.931862
-33.423565
37.893444
37.351990
36.455395
35.212322
33.634781
31.738005
29.540300
27.062870
24.329607
21.366856
18.203165
14.869005
11.396480
7.819014
4.171036
0.487646
-3.195716
-6.843616
-10.420958
-13.893323
-17.227303
-20.390810
-23.353403
-26.086565
-28.563986
-30.761814
-32.658886
-34.236931
-35.480724
-36.378216
-36.920483
41.751202
41.153938
40.164925
38.793709
37.053535
34.961201
32.536900
29.804010
26.788885
23.520584
20.030596
16.352535
12.521817
8.575317
4.551018
0.487646
-3.575700
-7.599923
-11.546304
-15.376867
-19.054752
-22.544563
-25.812712
-28.827740
-31.560621
-33.985043
-36.077660
-37.818317
-39.190231
-40.180111
-40.778160
46.006939
45.348110
44.257137
42.744556
40.824974
38.516914
35.842636
32.827934
29.501869
25.896496
22.046551
17.989111
13.763248
9.409644
4.970201
0.487646
-3.994884
-8.434254
-12.787744
-17.013458
-21.070728
-24.920506
-28.525732
-31.851702
-34.866398
-37.540787
-39.849125
-41.769173
-43.282421
-44.374222
-45.033810
50.701706
49.974957
48.771511
47.102985
44.985485
42.439438
39.489399
36.163811
32.494728
28.517511
24.270473
19.794519
15.132749
10.330041
5.432628
0.487647
-4.457311
-9.354655
-14.157252
-18.818882
-23.294676
-27.541553
-31.518631
-35.187622
-38.513203
-41.463352
-44.009663
-46.127605
-47.796768
-49.001003
-49.728477
55.880791
55.079113
53.751591
51.911034
49.575199
46.766613
43.512363
39.843819
35.796337
31.408915
26.723820
21.786175
16.643526
11.345387
5.942759
0.487647
-4.967443
-10.370006
-15.668041
-20.810556
-25.748049
-30.432991
-34.820278
-38.867680
-42.536217
-45.790569
-48.599400
-50.935657
-52.776817
-54.105091
-54.907452
61.594147
60.709812
59.245415
57.215076
54.638382
51.540180
47.950336
43.903458
39.438534
34.598595
29.430252
23.983290
18.310156
12.465476
6.505515
0.487647
-5.530200
-11.490100
-17.334682
-23.007690
-28.454512
-33.622707
-38.462528
-42.927368
-46.974243
-50.564182
-53.662617
-56.239704
-58.270611
-59.735714
-60.620686
67.896889
66.921371
65.305977
63.066280
60.223885
56.806183
52.846130
48.381882
43.456459
38.117317
32.415878
26.407057
20.148714
13.701112
7.126324
0.487647
-6.151011
-12.725741
-19.173254
-25.431479
-31.440168
-37.141476
-42.480503
-47.405853
-51.870090
-55.830238
-59.248150
-62.090916
-64.331139
-65.947182
-66.923294
74.849808
73.773705
71.991737
69.521088
66.385574
62.615421
58.246963
53.322296
47.888870
41.999023
35.709496
29.080854
22.176935
15.064214
7.811175
0.487647
-6.835863
-14.088851
-21.201488
-28.105303
-34.733822
-41.023232
-46.912968
-52.346329
-57.270988
-61.639530
-65.409882
-68.545731
-71.016861
-72.799423
-73.876068
82.519981
81.332909
79.367188
76.641754
73.182892
69.023926
64.204933
58.772350
52.778515
46.281162
39.342876
32.030476
24.414383
16.567932
8.566673
0.487647
-7.591364
-15.592575
-23.438951
-31.054951
-38.367241
-45.305420
-51.802677
-57.796455
-63.229031
-68.048096
-72.207237
-75.666405
-78.392265
-80.358521
-81.546074
90.981384
89.671906
87.503471
84.496979
80.681404
76.093513
70.777512
64.784622
58.172565
51.005035
43.351067
35.284374
26.882639
18.226768
9.400107
0.487647
-8.424800
-17.251419
-25.907227
-34.308880
-42.375477
-50.029350
-57.196796
-63.808804
-69.801689
-75.117752
-79.705795
-83.521629
-86.528496
-88.697395
-90.007301
100.315643
98.871124
96.479065
93.162521
88.953438
83.892380
78.028107
71.417099
64.123047
56.216209
47.772732
38.873936
29.605515
20.056726
10.319516
0.487647
-9.344211
-19.081387
-28.630121
-37.898472
-46.797188
-55.240589
-63.147358
-70.441368
-77.052368
-82.916702
-87.977882
-92.187180
-95.504044
-97.896492
-99.341370
110.612801
109.019310
106.380562
102.721970
98.078796
92.495758
86.026642
78.733765
70.687370
61.964951
52.650520
42.833782
32.609272
22.075457
11.333768
0.487647
-10.358465
-21.100126
-31.633902
-41.858356
-51.675034
-60.989399
-69.711761
-77.758125
-85.051002
-91.520157
-97.103294
-101.746643
-105.405479
-108.044533
-109.638306
121.972176
120.214348
117.303459
113.267548
108.145493
101.986626
94.850288
86.805191
77.928841
68.306717
58.031487
47.202114
35.922890
24.302433
12.452647
0.487647
-11.477346
-23.327114
-34.947540
-46.226730
-57.056057
-67.331238
-76.953331
-85.829659
-93.874748
-101.011124
-107.170052
-112.292229
-116.328308
-119.239410
-120.997437
134.503342
132.564224
129.353119
124.900963
119.250633
112.456543
104.584145
95.709236
85.917313
75.302673
63.967533
52.021069
39.578327
26.759134
13.686945
0.487647
-12.711648
-25.783829
-38.603004
-51.045727
-62.992168
-74.327286
-84.941910
-94.733818
-103.608719
-111.481140
-118.275261
-123.925659
-128.377899
-131.589111
-133.528336
148.327179
146.188065
142.645782
137.734436
131.501343
124.006500
115.322105
105.531792
94.729851
83.020302
70.515923
57.337131
43.610847
29.469263
15.048570
0.487647
-14.073276
-28.493969
-42.635551
-56.361835
-69.540627
-82.045013
-93.754555
-104.556503
-114.346809
-123.031204
-130.526047
-136.759140
-141.670487
-145.212769
-147.351883
148.327179
146.188065
142.645782
137.734436
131.501343
124.006500
115.322105
105.531792
94.729851
83.020302
70.515923
57.337131
43.610847
29.469263
15.048570
0.487647
-14.073276
-28.493969
-42.635551
-56.361835
-69.540627
-82.045013
-93.754555
-104.556503
-114.346809
-123.031204
-130.526047
-136.759140
-141.670487
-145.212769
-147.351883
3.562833
3.245983
2.902730
2.536397
2.150519
1.748802
1.335093
0.913346
0.487580
0.061851
-0.359787
-0.773323
-1.174816
-1.560439
-1.926512
4.475962
4.194835
3.878093
3.528827
3.150435
2.746577
2.321148
1.878237
1.422087
0.957059
0.487592
0.018161
-0.446759
-0.902738
-1.345429
-1.770607
-2.174211
-2.552379
-2.901492
-3.218202
-3.499469
-3.742588
-3.945214
-4.105368
-4.221408
-4.291860
5.152692
4.885113
4.575223
4.226054
3.841011
3.423833
2.978557
2.509475
2.021095
1.518101
1.005304
0.487602
-0.030064
-0.542755
-1.045582
-1.533744
-2.002578
-2.447605
-2.864563
-3.249458
-3.598598
-3.908631
-4.176575
-4.399845
-4.576265
-4.704034
-4.781569
5.631639
5.336666
4.995031
4.610075
4.185546
3.725563
3.234575
2.717315
2.178756
1.624063
1.058545
0.487610
-0.083290
-0.648703
-1.203230
-1.741575
-2.258591
-2.749331
-3.209098
-3.633482
-4.018413
-4.360193
-4.655534
-4.901587
-5.095957
-5.236671
-5.322021
6.160180
5.834974
5.458308
5.033859
4.565754
4.058535
3.517102
2.946676
2.352740
1.740994
1.117297
0.487616
-0.142029
-0.765622
-1.377204
-1.970927
-2.541113
-3.082302
-3.589309
-4.057271
-4.481698
-4.858511
-5.184085
-5.455280
-5.669458
-5.824457
-5.918432
6.743412
6.384845
5.969523
5.501493
4.985305
4.425960
3.828862
3.199768
2.544726
1.870023
1.182127
0.487622
-0.206848
-0.894642
-1.569182
-2.224014
-2.852870
-3.449727
-4.008862
-4.524912
-4.992921
-5.408391
-5.767327
-6.066265
-6.302301
-6.473062
-6.576554
-7.302736
7.386962
6.991584
6.533607
6.017490
5.448245
4.831383
4.172863
3.479033
2.756565
2.012395
1.253660
0.487626
-0.278373
-1.037006
-1.781015
-2.503275
-3.196870
-3.855151
-4.471806
-5.040915
-5.557013
-6.015139
-6.410885
-6.740435
-7.000589
-7.188743
-7.302736
-8.103982
8.459736
8.097037
7.661042
7.156002
6.586826
5.959038
5.278714
4.552423
3.787165
2.990301
2.169483
1.332586
0.487630
-0.357292
-1.194088
-2.014746
-2.811405
-3.576430
-4.302485
-4.982605
-5.610258
-6.179416
-6.684607
-7.120968
-7.484294
-7.771059
-7.978403
-8.103982
-8.988023
9.280455
8.880486
8.399678
7.842710
7.214993
6.522614
5.772269
4.971204
4.127137
3.248189
2.342803
1.419667
0.487633
-0.444367
-1.367403
-2.272631
-3.151376
-3.995212
-4.796044
-5.546185
-6.238433
-6.866134
-7.423252
-7.904426
-8.305017
-8.621142
-8.849659
-8.988023
-9.963384
10.185954
9.744867
9.214616
8.600356
7.908051
7.144407
6.316809
5.433245
4.502228
3.532716
2.534025
1.515743
0.487636
-0.540438
-1.558622
-2.557156
-3.526467
-4.457254
-5.340588
-6.167986
-6.931499
-7.623790
-8.238199
-8.768815
-9.210522
-9.559040
-9.810917
-9.963384
-11.039474
11.184970
10.698518
10.113717
9.436249
8.672684
7.830416
6.917586
5.943003
4.916056
3.846628
2.744996
1.621740
0.487638
-0.646431
-1.769590
-2.871067
-3.940295
-4.967015
-5.941370
-6.854002
-7.696142
-8.459693
-9.137310
-9.722473
-10.209541
-10.593799
-10.871448
-11.039474
12.287138
11.750637
11.105654
10.358450
9.516268
8.587257
7.580395
6.505394
5.372613
4.192951
2.977750
1.738681
0.487639
-0.763369
-2.002342
-3.217390
-4.396854
-5.529411
-6.604187
-7.610854
-8.539737
-9.381906
-10.129258
-10.774600
-11.311713
-11.735398
-12.041481
-12.226675
13.503091
12.911373
12.199994
11.375856
10.446940
9.422233
8.311630
7.125845
5.876303
4.575027
3.234531
1.867694
0.487641
-0.892380
-2.259122
-3.599467
-4.900547
-6.149868
-7.335429
-8.445839
-9.470422
-10.399324
-11.223610
-11.935345
-12.527669
-12.994853
-13.332304
-13.536438
15.358865
14.844557
14.191922
13.407295
12.498281
11.473680
10.343396
9.118344
7.810340
6.431984
4.996542
3.517818
2.010024
0.487642
-1.034708
-2.542408
-4.020982
-5.456231
-6.834369
-8.142153
-9.367013
-10.497173
-11.521763
-12.430923
-13.215903
-13.869138
-14.384311
-14.756368
-14.981396
16.891735
16.324476
15.604637
14.739202
13.736552
12.606388
11.359632
10.008320
8.565482
7.045017
5.461561
3.830343
2.167043
0.487643
-1.191726
-2.854933
-4.486003
-6.069269
-7.589517
-9.032138
-10.383263
-11.629896
-12.760049
-13.762844
-14.628628
-15.349059
-15.917173
-16.327408
-16.575487
19.306662
19.034107
18.582800
17.957123
17.163145
16.208561
15.102612
13.855992
12.480744
10.990141
9.398554
7.721315
5.974570
4.175120
2.340267
0.487644
-1.364948
-3.199710
-4.999014
-6.745572
-8.422598
-10.013970
-11.504389
-12.879517
-14.126126
-15.232219
-16.187147
-16.981709
-17.608229
-18.060581
-18.334089
21.246778
20.946156
20.448368
19.758245
18.882479
17.829548
16.609640
15.234547
13.717546
12.073278
10.317593
8.467402
6.540517
4.555476
2.531366
0.487644
-1.556046
-3.580066
-5.564965
-7.491665
-9.341646
-11.097120
-12.741207
-14.258089
-15.633172
-16.853222
-17.906492
-18.782835
-19.473787
-19.972605
-20.274166
23.387087
23.055500
22.506437
21.745220
20.779224
19.617798
18.272171
16.755348
15.081969
13.268180
11.331463
9.290475
7.164863
4.975079
2.742183
0.487645
-1.766863
-3.999670
-6.189313
-8.314744
-10.355527
-12.292037
-14.105647
-15.778910
-17.295723
-18.641489
-19.803249
-20.769812
-21.531845
-22.081921
-22.414431
25.748234
25.382488
24.776857
23.937212
22.871677
21.590561
20.106245
18.433065
16.587173
14.586372
12.449945
10.198472
7.853628
5.437975
2.974752
0.487645
-1.999432
-4.462569
-6.878083
-9.222749
-11.474021
-13.610245
-15.610870
-17.456650
-19.129818
-20.614271
-21.895716
-22.961805
-23.802254
-24.408876
-24.775528
28.352995
27.949566
27.281532
26.355364
25.180021
23.766865
22.129549
20.283884
18.247679
16.040569
13.683827
11.200152
8.613457
5.948633
3.231317
0.487646
-2.255997
-4.973228
-7.637917
-10.224439
-12.707916
-15.064460
-17.271397
-19.307491
-21.153147
-22.790596
-24.204073
-25.379961
-26.306913
-26.975920
-27.380236
31.226494
30.781494
30.044621
29.023003
27.726521
26.167702
24.361603
22.325655
20.079502
17.644800
15.045012
12.305179
9.451679
6.511975
3.514352
0.487646
-2.539032
-5.536572
-8.476144
-11.329474
-14.069116
-16.668711
-19.103245
-21.349289
-23.385227
-25.191458
-26.750589
-28.047604
-29.069986
-29.807808
-30.253674
34.396450
33.905590
33.092773
31.965860
30.535742
28.816233
26.823936
24.578075
22.100315
19.414539
16.546631
13.524210
10.376380
7.133437
3.826588
0.487646
-2.851268
-6.158037
-9.400851
-12.548516
-15.570749
-18.438469
-21.124083
-23.601738
-25.847589
-27.840015
-29.559828
-30.990463
-32.118122
-32.931862
-33.423565
37.893444
37.351990
36.455395
35.212322
33.634781
31.738005
29.540300
27.062870
24.329607
21.366856
18.203165
14.869005
11.396480
7.819014
4.171036
0.487646
-3.195716
-6.843616
-10.420958
-13.893323
-17.227303
-20.390810
-23.353403
-26.086565
-28.563986
-30.761814
-32.658886
-34.236931
-35.480724
-36.378216
-36.920483
41.751202
41.153938
40.164925
38.793709
37.053535
34.961201
32.536900
29.804010
26.788885
23.520584
20.030596
16.352535
12.521817
8.575317
4.551018
0.487646
-3.575700
-7.599923
-11.546304
-15.376867
-19.054752
-22.544563
-25.812712
-28.827740
-31.560621
-33.985043
-36.077660
-37.818317
-39.190231
-40.180111
-40.778160
46.006939
45.348110
44.257137
42.744556
40.824974
38.516914
35.842636
32.827934
29.501869
25.896496
22.046551
17.989111
13.763248
9.409644
4.970201
0.487646
-3.994884
-8.434254
-12.787744
-17.013458
-21.070728
-24.920506
-28.525732
-31.851702
-34.866398
-37.540787
-39.849125
-41.769173
-43.282421
-44.374222
-45.033810
50.701706
49.974957
48.771511
47.102985
44.985485
42.439438
39.489399
36.163811
32.494728
28.517511
24.270473
19.794519
15.132749
10.330041
5.432628
0.487647
-4.457311
-9.354655
-14.157252
-18.818882
-23.294676
-27.541553
-31.518631
-35.187622
-38.513203
-41.463352
-44.009663
-46.127605
-47.796768
-49.001003
-49.728477
55.880791
55.079113
53.751591
51.911034
49.575199
46.766613
43.512363
39.843819
35.796337
31.408915
26.723820
21.786175
16.643526
11.345387
5.942759
0.487647
-4.967443
-10.370006
-15.668041
-20.810556
-25.748049
-30.432991
-34.820278
-38.867680
-42.536217
-45.790569
-48.599400
-50.935657
-52.776817
-54.105091
-54.907452
61.594147
60.709812
59.245415
57.215076
54.638382
51.540180
47.950336
43.903458
39.438534
34.598595
29.430252
23.983290
18.310156
12.465476
6.505515
0.487647
-5.530200
-11.490100
-17.334682
-23.007690
-28.454512
-33.622707
-38.462528
-42.927368
-46.974243
-50.564182
-53.662617
-56.239704
-58.270611
-59.735714
-60.620686
67.896889
66.921371
65.305977
63.066280
60.223885
56.806183
52.846130
48.381882
43.456459
38.117317
32.415878
26.407057
20.148714
13.701112
7.126324
0.487647
-6.151011
-12.725741
-19.173254
-25.431479
-31.440168
-37.141476
-42.480503
-47.405853
-51.870090
-55.830238
-59.248150
-62.090916
-64.331139
-65.947182
-66.923294
74.849808
73.773705
71.991737
69.521088
66.385574
62.615421
58.246963
53.322296
47.888870
41.999023
35.709496
29.080854
22.176935
15.064214
7.811175
0.487647
-6.835863
-14.088851
-21.201488
-28.105303
-34.733822
-41.023232
-46.912968
-52.346329
-57.270988
-61.639530
-65.409882
-68.545731
-71.016861
-72.799423
-73.876068
82.519981
81.332909
79.367188
76.641754
73.182892
69.023926
64.204933
58.772350
52.778515
46.281162
39.342876
32.030476
24.414383
16.567932
8.566673
0.487647
-7.591364
-15.592575
-23.438951
-31.054951
-38.367241
-45.305420
-51.802677
-57.796455
-63.229031
-68.048096
-72.207237
-75.666405
-78.392265
-80.358521
-81.546074
90.981384
89.671906
87.503471
84.496979
80.681404
76.093513
70.777512
64.784622
58.172565
51.005035
43.351067
35.284374
26.882639
18.226768
9.400107
0.487647
-8.424800
-17.251419
-25.907227
-34.308880
-42.375477
-50.029350
-57.196796
-63.808804
-69.801689
-75.117752
-79.705795
-83.521629
-86.528496
-88.697395
-90.007301
100.315643
98.871124
96.479065
93.162521
88.953438
83.892380
78.028107
71.417099
64.123047
56.216209
47.772732
38.873936
29.605515
20.056726
10.319516
0.487647
-9.344211
-19.081387
-28.630121
-37.898472
-46.797188
-55.240589
-63.147358
-70.441368
-77.052368
-82.916702
-87.977882
-92.187180
-95.504044
-97.896492
-99.341370
110.612801
109.019310
106.380562
102.721970
98.078796
92.495758
86.026642
78.733765
70.687370
61.964951
52.650520
42.833782
32.609272
22.075457
11.333768
0.487647
-10.358465
-21.100126
-31.633902
-41.858356
-51.675034
-60.989399
-69.711761
-77.758125
-85.051002
-91.520157
-97.103294
-101.746643
-105.405479
-108.044533
-109.638306
121.972176
120.214348
117.303459
113.267548
108.145493
101.986626
94.850288
86.805191
77.928841
68.306717
58.031487
47.202114
35.922890
24.302433
12.452647
0.487647
-11.477346
-23.327114
-34.947540
-46.226730
-57.056057
-67.331238
-76.953331
-85.829659
-93.874748
-101.011124
-107.170052
-112.292229
-116.328308
-119.239410
-120.997437
134.503342
132.564224
129.353119
124.900963
119.250633
112.456543
104.584145
95.709236
85.917313
75.302673
63.967533
52.021069
39.578327
26.759134
13.686945
0.487647
-12.711648
-25.783829
-38.603004
-51.045727
-62.992168
-74.327286
-84.941910
-94.733818
-103.608719
-111.481140
-118.275261
-123.925659
-128.377899
-131.589111
-133.528336
0.000000
0.000000
0.000000
0.000000
0.000000
0.000000
0.000000
0.000000
0.000000
0.000000
0.000000
0.000000
0.000000
0.000000
0.000000
0.000000
-3.055344
-3.339370
-3.591141
-3.808279
-3.988739
-4.130832
-4.233232
-4.294985
-4.315522
-4.294658
-4.232595
-4.129923
-3.987610
-3.807000
-3.589797
-2.650762
-3.026267
-3.372464
-3.686048
-3.964038
-4.203803
-4.403081
-4.560002
-4.673094
-4.741305
-4.764000
-4.740974
-4.672452
-4.559083
-4.401940
-4.202509
-3.962677
-3.684716
-3.371261
-3.025289
-2.650086
-2.249223
-1.826510
-1.385968
-0.931780
-0.468275
-2.482639
-2.925476
-3.339958
-3.722112
-4.068285
-4.375184
-4.639897
-4.859925
-5.033194
-5.158078
-5.233408
-5.258483
-5.233075
-5.157430
-5.032268
-4.858774
-4.638593
-4.373810
-4.066939
-3.720894
-3.338964
-2.924785
-2.482299
-2.015721
-1.529492
-1.028237
-0.516736
-2.739663
-3.228396
-3.685858
-4.107660
-4.489769
-4.828545
-5.120769
-5.363676
-5.554973
-5.692860
-5.776041
-5.803741
-5.775707
-5.692209
-5.554042
-5.362519
-5.119457
-4.827163
-4.488414
-4.106431
-3.684853
-3.227694
-2.739312
-2.224363
-1.687755
-1.134599
-0.570174
-3.023099
-3.562444
-4.067303
-4.532828
-4.954566
-5.328494
-5.651057
-5.919195
-6.130373
-6.282598
-6.374439
-6.405035
-6.374104
-6.281946
-6.129439
-5.918035
-5.649740
-5.327106
-4.953204
-4.531592
-4.066289
-3.561733
-3.022738
-2.454448
-1.862284
-1.251892
-0.629104
-3.335681
-3.930844
-4.487972
-5.001717
-5.467159
-5.879856
-6.235877
-6.531841
-6.764944
-6.932983
-7.034373
-7.068162
-7.034038
-6.932330
-6.764009
-6.530678
-6.234557
-5.878465
-5.465794
-5.000476
-4.486953
-3.930126
-3.335314
-2.708196
-2.054762
-1.381248
-0.694094
0.765772
-3.680425
-4.337148
-4.951924
-5.518850
-6.032493
-6.487947
-6.880869
-7.207522
-7.464808
-7.650288
-7.762210
-7.799521
-7.761874
-7.649634
-7.463872
-7.206360
-6.879550
-6.486556
-6.031126
-5.517608
-4.950902
-4.336426
-3.680052
-2.988054
-2.267046
-1.523916
-0.765772
0.844829
-3.296749
-4.060656
-4.785276
-5.463634
-6.089215
-6.656022
-7.158634
-7.592256
-7.952758
-8.236714
-8.441431
-8.564970
-8.606166
-8.564635
-8.440779
-8.235781
-7.951597
-7.590938
-7.157245
-6.654656
-6.087974
-5.462612
-4.784552
-4.060279
-3.296722
-2.501184
-1.681269
-0.844829
0.932027
-3.637208
-4.480041
-5.279551
-6.028039
-6.718316
-7.343760
-7.898387
-8.376899
-8.774735
-9.088110
-9.314044
-9.450397
-9.495878
-9.450063
-9.313394
-9.087179
-8.773579
-8.375586
-7.897001
-7.342397
-6.717076
-6.027018
-5.278826
-4.479662
-3.637177
-2.759433
-1.854828
-0.932027
1.028208
-4.012737
-4.942627
-5.824740
-6.650583
-7.412219
-8.102341
-8.714340
-9.242368
-9.681385
-10.027207
-10.276546
-10.427032
-10.477240
-10.426699
-10.275898
-10.026280
-9.680232
-9.241059
-8.712960
-8.100983
-7.410983
-6.649564
-5.824016
-4.942247
-4.012702
-3.044285
-2.046264
-1.028208
1.134299
-4.426958
-5.452875
-6.426103
-7.337270
-8.177618
-8.939082
-9.614367
-10.197011
-10.681451
-11.063065
-11.338219
-11.504294
-11.559716
-11.503963
-11.337575
-11.062143
-10.680305
-10.195710
-9.612993
-8.937732
-8.176388
-7.336255
-6.425381
-5.452495
-4.426921
-3.358487
-2.257426
-1.134299
-4.883868
-6.015708
-7.089439
-8.094725
-9.021896
-9.862055
-10.607146
-11.250036
-11.784580
-12.205675
-12.509304
-12.692576
-12.753750
-12.692248
-12.508665
-12.204761
-11.783442
-11.248744
-10.605783
-9.860713
-9.020675
-8.093716
-7.088721
-6.015328
-4.883829
-3.705070
-2.490351
-1.251323
-5.387873
-6.636554
-7.821150
-8.930253
-9.953198
-10.880163
-11.702255
-12.411602
-13.001415
-13.466060
-13.801100
-14.003341
-14.070859
-14.003016
-13.800466
-13.465152
-13.000286
-12.410319
-11.700903
-10.878832
-9.951986
-8.929252
-7.820436
-6.636176
-5.387833
-4.087378
-2.747284
-1.380410
-4.508865
-5.943835
-7.321403
-8.628291
-9.851915
-10.980508
-12.003227
-12.910259
-13.692912
-14.343692
-14.856376
-15.226065
-15.449230
-15.523746
-15.448908
-15.225437
-14.855476
-14.342574
-13.691642
-12.908918
-12.001908
-10.979306
-9.850923
-8.627584
-7.321027
-5.943794
-4.509098
-3.030704
-1.522804
-4.974069
-6.557117
-8.076859
-9.518649
-10.868602
-12.113733
-13.242080
-14.242808
-15.106326
-15.824358
-16.390034
-16.797945
-17.044193
-17.126429
-17.043875
-16.797323
-16.389145
-15.823253
-15.105069
-14.241483
-13.240774
-12.112544
-10.867620
-9.517948
-8.076488
-6.557075
-4.974298
-3.343345
-1.679880
-1.852882
-3.687867
-5.487240
-7.233636
-8.910213
-10.500813
-11.990120
-13.363807
-14.608670
-15.712758
-16.665478
-17.457697
-18.081831
-18.531904
-18.803614
-18.894365
-18.803299
-18.531290
-18.080952
-17.456606
-16.664238
-15.711449
-14.607382
-13.362632
-11.989149
-10.500119
-8.909843
-7.233593
-5.487465
-3.688223
-1.853152
-2.044025
-4.068315
-6.053329
-7.979916
-9.829499
-11.584255
-13.227286
-14.742785
-16.116182
-17.334288
-18.385406
-19.259464
-19.948082
-20.444664
-20.744463
-20.844608
-20.744152
-20.444061
-19.947216
-19.258389
-18.384184
-17.332996
-16.114912
-14.741628
-13.226329
-11.583571
-9.829135
-7.979873
-6.053550
-4.068665
-2.044291
-2.254881
-4.487996
-6.677795
-8.803156
-10.843588
-12.779428
-14.592036
-16.263971
-17.779158
-19.123035
-20.282705
-21.247038
-22.006790
-22.554680
-22.885462
-22.995972
-22.885157
-22.554087
-22.005939
-21.245979
-20.281502
-19.121767
-17.777908
-16.262833
-14.591094
-12.778755
-10.843228
-8.803114
-6.678012
-4.488339
-2.255142
-2.487482
-4.950959
-7.366663
-9.711298
-11.962259
-14.097859
-16.097534
-17.942038
-19.613636
-21.096260
-22.375673
-23.439592
-24.277815
-24.882303
-25.247265
-25.369207
-25.246965
-24.881720
-24.276979
-23.438553
-22.374493
-21.095015
-19.612408
-17.940920
-16.096609
-14.097198
-11.961906
-9.711255
-7.366876
-4.951296
-2.487738
-2.744072
-5.461669
-8.126578
-10.713100
-13.196305
-15.552268
-17.758301
-19.793173
-21.637312
-23.272993
-24.684498
-25.858276
-26.783062
-27.449986
-27.852653
-27.987206
-27.852360
-27.449415
-26.782246
-25.857258
-24.683342
-23.271772
-21.636112
-19.792078
-17.757395
-15.551620
-13.195960
-10.713058
-8.126785
-5.461999
-2.744323
-3.027127
-6.025054
-8.964869
-11.818228
-14.557630
-17.156681
-19.590357
-21.835232
-23.869709
-25.674231
-27.231453
-28.526421
-29.546698
-30.282497
-30.726757
-30.875221
-30.726471
-30.281939
-29.545900
-28.525427
-27.230324
-25.673038
-23.868536
-21.834162
-19.589472
-17.156050
-14.557292
-11.818187
-8.965072
-6.025376
-3.027372
-3.339377
-6.646547
-9.889624
-13.037340
-16.059362
-18.926579
-21.611376
-24.087912
-26.332359
-28.323137
-30.041105
-31.469761
-32.595379
-33.407158
-33.897301
-34.061111
-33.897022
-33.406612
-32.594604
-31.468794
-30.040007
-28.321978
-26.331219
-24.086870
-21.610514
-18.925962
-16.059034
-13.037300
-9.889820
-6.646860
-3.339614
-3.683833
-7.332144
-10.909760
-14.382196
-17.715992
-20.879028
-23.840849
-26.572943
-29.049019
-31.245262
-33.140556
-34.716690
-35.958515
-36.854107
-37.394867
-37.575607
-37.394600
-36.853580
-35.957764
-34.715752
-33.139492
-31.244137
-29.047911
-26.571932
-23.840014
-20.878431
-17.715672
-14.382157
-10.909950
-7.332447
-3.684063
-4.063818
-8.088458
-12.035121
-15.865769
-19.543495
-23.032867
-26.300285
-29.314295
-32.045891
-34.468792
-36.559708
-38.298527
-39.668545
-40.656601
-41.253197
-41.452614
-41.252937
-40.656090
-39.667820
-38.297623
-36.558678
-34.467709
-32.044823
-29.313320
-26.299479
-23.032291
-19.543186
-15.865732
-12.035304
-8.088750
-4.064041
-4.482999
-8.922783
-13.276560
-17.502371
-21.559502
-25.408869
-29.013407
-32.338409
-35.351883
-38.024826
-40.331532
-42.249825
-43.761257
-44.851311
-45.509506
-45.729523
-45.509254
-44.850822
-43.760559
-42.248955
-40.330547
-38.023785
-35.350857
-32.337475
-29.012632
-25.408316
-21.559206
-17.502335
-13.276735
-8.923063
-4.483212
-4.945417
-9.843169
-14.646051
-19.307785
-23.783457
-28.029955
-32.006386
-35.674465
-38.998886
-41.947659
-44.492420
-46.608696
-48.276131
-49.478703
-50.204845
-50.447590
-50.204609
-49.478233
-48.275463
-46.607864
-44.491478
-41.946667
-38.997906
-35.673569
-32.005646
-28.029427
-23.783175
-19.307751
-14.646220
-9.843436
-4.945621
-5.455535
-10.858493
-16.156809
-21.299431
-26.236815
-30.921406
-35.308090
-39.354630
-43.022076
-46.275135
-49.082504
-51.417183
-53.256714
-54.583408
-55.384514
-55.652332
-55.384289
-54.582970
-53.256084
-51.416397
-49.081615
-46.274193
-43.021149
-39.353786
-35.307392
-30.920906
-26.236547
-21.299397
-16.156967
-10.858746
-5.455728
-6.018271
-11.978548
-17.823401
-23.496515
-28.943241
-34.111114
-38.950371
-43.414413
-47.460266
-51.048996
-54.146065
-56.721676
-58.751053
-60.214676
-61.098473
-61.393948
-61.098259
-60.214260
-58.750458
-56.720940
-54.145226
-51.048111
-47.459396
-43.413620
-38.949715
-34.110645
-28.942989
-23.496483
-17.823549
-11.978786
-6.018452
-6.639055
-13.214140
-19.661905
-25.920235
-31.928839
-37.629848
-42.968361
-47.892967
-52.356266
-56.315292
-59.731937
-62.573334
-64.812141
-66.426819
-67.401840
-67.727821
-67.401642
-66.426437
-64.811592
-62.572651
-59.731163
-56.314472
-52.355461
-47.892235
-42.967751
-37.629414
-31.928606
-25.920204
-19.662045
-13.214360
-6.639223
-7.323874
-14.577187
-21.690058
-28.593966
-35.222412
-41.511547
-47.400814
-52.833500
-57.757301
-62.124817
-65.894012
-69.028610
-71.498451
-73.279762
-74.355415
-74.715057
-74.355232
-73.279411
-71.497948
-69.027985
-65.893303
-62.124069
-57.756565
-52.832829
-47.400257
-41.511150
-35.222198
-28.593939
-21.690184
-14.577388
-7.324028
-8.079335
-16.080835
-23.927420
-31.543503
-38.855724
-45.793659
-52.290493
-58.283665
-63.715469
-68.533615
-72.691727
-76.149765
-78.874466
-80.839607
-82.026268
-82.423042
-82.026108
-80.839294
-78.874023
-76.149208
-72.691086
-68.532944
-63.714809
-58.283062
-52.289993
-45.793304
-38.855534
-31.543478
-23.927532
-16.081017
-8.079473
-8.912724
-17.739592
-26.395573
-34.797295
-42.863827
-50.517483
-57.684559
-64.296028
-70.288246
-75.603508
-80.190643
-84.005501
-87.011353
-89.179276
-90.488403
-90.926132
-90.488266
-89.179001
-87.010963
-84.005013
-80.190086
-75.602921
-70.287666
-64.295509
-57.684124
-50.517174
-42.863659
-34.797272
-26.395672
-17.739748
-8.912844
-9.832081
-19.569454
-29.118328
-38.386726
-47.285381
-55.728592
-63.635044
-70.928596
-77.539024
-83.402679
-88.463104
-92.671577
-95.987587
-98.379219
-99.823441
-100.306358
-99.823326
-98.378990
-95.987259
-92.671173
-88.462639
-83.402191
-77.538544
-70.928162
-63.634678
-55.728333
-47.285244
-38.386707
-29.118410
-19.569586
-9.832181
-10.846273
-21.588076
-32.121944
-42.346424
-52.163040
-61.477245
-70.199348
-78.245346
-85.537758
-92.006378
-97.588905
-102.231606
-105.889763
-108.528175
-110.121429
-110.654190
-110.121330
-108.527992
-105.889504
-102.231285
-97.588547
-92.005989
-85.537384
-78.244995
-70.199059
-61.477043
-52.162930
-42.346409
-32.122009
-21.588179
-10.846352
-11.965084
-23.814928
-35.435398
-46.714584
-57.543846
-67.818901
-77.440788
-86.316841
-94.361595
-101.497581
-107.656075
-112.777786
-116.813393
-119.724037
-121.481697
-122.069443
-121.481628
-119.723907
-116.813209
-112.777565
-107.655823
-101.497315
-94.361336
-86.316605
-77.440582
-67.818756
-57.543770
-46.714573
-35.435444
-23.814999
-11.965139
-13.199306
-26.271488
-39.090652
-51.533337
-63.479713
-74.814728
-85.429214
-95.220955
-104.095657
-111.967850
-118.761719
-124.411858
-128.863846
-132.074814
-134.013824
-134.662247
-134.013794
-132.074737
-128.863754
-124.411743
-118.761589
-111.967705
-104.095520
-95.220833
-85.429108
-74.814651
-63.479671
-51.533333
-39.090675
-26.271526
-13.199334
-14.560843
-28.981457
-43.122963
-56.849171
-70.027893
-82.532204
-94.241684
-105.043571
-114.833824
-123.518173
-131.012970
-137.246033
-142.157349
-145.699615
-147.838715
-148.554047
-147.838715
-145.699615
-142.157349
-137.246033
-131.012970
-123.518173
-114.833824
-105.043571
-94.241684
-82.532204
-70.027893
-56.849171
-43.122963
-28.981457
-14.560843
-14.560843
-28.981457
-43.122963
-56.849171
-70.027893
-82.532204
-94.241684
-105.043571
-114.833824
-123.518173
-131.012970
-137.246033
-142.157349
-145.699615
-147.838715
-148.554047
-147.838715
-145.699615
-142.157349
-137.246033
-131.012970
-123.518173
-114.833824
-105.043571
-94.241684
-82.532204
-70.027893
-56.849171
-43.122963
-28.981457
-14.560843
-3.055344
-3.339370
-3.591141
-3.808279
-3.988739
-4.130832
-4.233232
-4.294985
-4.315522
-4.294658
-4.232595
-4.129923
-3.987610
-3.807000
-3.589797
-2.650762
-3.026267
-3.372464
-3.686048
-3.964038
-4.203803
-4.403081
-4.560002
-4.673094
-4.741305
-4.764000
-4.740974
-4.672452
-4.559083
-4.401940
-4.202509
-3.962677
-3.684716
-3.371261
-3.025289
-2.650086
-2.249223
-1.826510
-1.385968
-0.931780
-0.468275
-2.482639
-2.925476
-3.339958
-3.722112
-4.068285
-4.375184
-4.639897
-4.859925
-5.033194
-5.158078
-5.233408
-5.258483
-5.233075
-5.157430
-5.032268
-4.858774
-4.638593
-4.373810
-4.066939
-3.720894
-3.338964
-2.924785
-2.482299
-2.015721
-1.529492
-1.028237
-0.516736
-2.739663
-3.228396
-3.685858
-4.107660
-4.489769
-4.828545
-5.120769
-5.363676
-5.554973
-5.692860
-5.776041
-5.803741
-5.775707
-5.692209
-5.554042
-5.362519
-5.119457
-4.827163
-4.488414
-4.106431
-3.684853
-3.227694
-2.739312
-2.224363
-1.687755
-1.134599
-0.570174
-3.023099
-3.562444
-4.067303
-4.532828
-4.954566
-5.328494
-5.651057
-5.919195
-6.130373
-6.282598
-6.374439
-6.405035
-6.374104
-6.281946
-6.129439
-5.918035
-5.649740
-5.327106
-4.953204
-4.531592
-4.066289
-3.561733
-3.022738
-2.454448
-1.862284
-1.251892
-0.629104
-3.335681
-3.930844
-4.487972
-5.001717
-5.467159
-5.879856
-6.235877
-6.531841
-6.764944
-6.932983
-7.034373
-7.068162
-7.034038
-6.932330
-6.764009
-6.530678
-6.234557
-5.878465
-5.465794
-5.000476
-4.486953
-3.930126
-3.335314
-2.708196
-2.054762
-1.381248
-0.694094
0.765772
-3.680425
-4.337148
-4.951924
-5.518850
-6.032493
-6.487947
-6.880869
-7.207522
-7.464808
-7.650288
-7.762210
-7.799521
-7.761874
-7.649634
-7.463872
-7.206360
-6.879550
-6.486556
-6.031126
-5.517608
-4.950902
-4.336426
-3.680052
-2.988054
-2.267046
-1.523916
-0.765772
0.844829
-3.296749
-4.060656
-4.785276
-5.463634
-6.089215
-6.656022
-7.158634
-7.592256
-7.952758
-8.236714
-8.441431
-8.564970
-8.606166
-8.564635
-8.440779
-8.235781
-7.951597
-7.590938
-7.157245
-6.654656
-6.087974
-5.462612
-4.784552
-4.060279
-3.296722
-2.501184
-1.681269
-0.844829
0.932027
-3.637208
-4.480041
-5.279551
-6.028039
-6.718316
-7.343760
-7.898387
-8.376899
-8.774735
-9.088110
-9.314044
-9.450397
-9.495878
-9.450063
-9.313394
-9.087179
-8.773579
-8.375586
-7.897001
-7.342397
-6.717076
-6.027018
-5.278826
-4.479662
-3.637177
-2.759433
-1.854828
-0.932027
1.028208
-4.012737
-4.942627
-5.824740
-6.650583
-7.412219
-8.102341
-8.714340
-9.242368
-9.681385
-10.027207
-10.276546
-10.427032
-10.477240
-10.426699
-10.275898
-10.026280
-9.680232
-9.241059
-8.712960
-8.100983
-7.410983
-6.649564
-5.824016
-4.942247
-4.012702
-3.044285
-2.046264
-1.028208
1.134299
-4.426958
-5.452875
-6.426103
-7.337270
-8.177618
-8.939082
-9.614367
-10.197011
-10.681451
-11.063065
-11.338219
-11.504294
-11.559716
-11.503963
-11.337575
-11.062143
-10.680305
-10.195710
-9.612993
-8.937732
-8.176388
-7.336255
-6.425381
-5.452495
-4.426921
-3.358487
-2.257426
-1.134299
-4.883868
-6.015708
-7.089439
-8.094725
-9.021896
-9.862055
-10.607146
-11.250036
-11.784580
-12.205675
-12.509304
-12.692576
-12.753750
-12.692248
-12.508665
-12.204761
-11.783442
-11.248744
-10.605783
-9.860713
-9.020675
-8.093716
-7.088721
-6.015328
-4.883829
-3.705070
-2.490351
-1.251323
-5.387873
-6.636554
-7.821150
-8.930253
-9.953198
-10.880163
-11.702255
-12.411602
-13.001415
-13.466060
-13.801100
-14.003341
-14.070859
-14.003016
-13.800466
-13.465152
-13.000286
-12.410319
-11.700903
-10.878832
-9.951986
-8.929252
-7.820436
-6.636176
-5.387833
-4.087378
-2.747284
-1.380410
-4.508865
-5.943835
-7.321403
-8.628291
-9.851915
-10.980508
-12.003227
-12.910259
-13.692912
-14.343692
-14.856376
-15.226065
-15.449230
-15.523746
-15.448908
-15.225437
-14.855476
-14.342574
-13.691642
-12.908918
-12.001908
-10.979306
-9.850923
-8.627584
-7.321027
-5.943794
-4.509098
-3.030704
-1.522804
-4.974069
-6.557117
-8.076859
-9.518649
-10.868602
-12.113733
-13.242080
-14.242808
-15.106326
-15.824358
-16.390034
-16.797945
-17.044193
-17.126429
-17.043875
-16.797323
-16.389145
-15.823253
-15.105069
-14.241483
-13.240774
-12.112544
-10.867620
-9.517948
-8.076488
-6.557075
-4.974298
-3.343345
-1.679880
-1.852882
-3.687867
-5.487240
-7.233636
-8.910213
-10.500813
-11.990120
-13.363807
-14.608670
-15.712758
-16.665478
-17.457697
-18.081831
-18.531904
-18.803614
-18.894365
-18.803299
-18.531290
-18.080952
-17.456606
-16.664238
-15.711449
-14.607382
-13.362632
-11.989149
-10.500119
-8.909843
-7.233593
-5.487465
-3.688223
-1.853152
-2.044025
-4.068315
-6.053329
-7.979916
-9.829499
-11.584255
-13.227286
-14.742785
-16.116182
-17.334288
-18.385406
-19.259464
-19.948082
-20.444664
-20.744463
-20.844608
-20.744152
-20.444061
-19.947216
-19.258389
-18.384184
-17.332996
-16.114912
-14.741628
-13.226329
-11.583571
-9.829135
-7.979873
-6.053550
-4.068665
-2.044291
-2.254881
-4.487996
-6.677795
-8.803156
-10.843588
-12.779428
-14.592036
-16.263971
-17.779158
-19.123035
-20.282705
-21.247038
-22.006790
-22.554680
-22.885462
-22.995972
-22.885157
-22.554087
-22.005939
-21.245979
-20.281502
-19.121767
-17.777908
-16.262833
-14.591094
-12.778755
-10.843228
-8.803114
-6.678012
-4.488339
-2.255142
-2.487482
-4.950959
-7.366663
-9.711298
-11.962259
-14.097859
-16.097534
-17.942038
-19.613636
-21.096260
-22.375673
-23.439592
-24.277815
-24.882303
-25.247265
-25.369207
-25.246965
-24.881720
-24.276979
-23.438553
-22.374493
-21.095015
-19.612408
-17.940920
-16.096609
-14.097198
-11.961906
-9.711255
-7.366876
-4.951296
-2.487738
-2.744072
-5.461669
-8.126578
-10.713100
-13.196305
-15.552268
-17.758301
-19.793173
-21.637312
-23.272993
-24.684498
-25.858276
-26.783062
-27.449986
-27.852653
-27.987206
-27.852360
-27.449415
-26.782246
-25.857258
-24.683342
-23.271772
-21.636112
-19.792078
-17.757395
-15.551620
-13.195960
-10.713058
-8.126785
-5.461999
-2.744323
-3.027127
-6.025054
-8.964869
-11.818228
-14.557630
-17.156681
-19.590357
-21.835232
-23.869709
-25.674231
-27.231453
-28.526421
-29.546698
-30.282497
-30.726757
-30.875221
-30.726471
-30.281939
-29.545900
-28.525427
-27.230324
-25.673038
-23.868536
-21.834162
-19.589472
-17.156050
-14.557292
-11.818187
-8.965072
-6.025376
-3.027372
-3.339377
-6.646547
-9.889624
-13.037340
-16.059362
-18.926579
-21.611376
-24.087912
-26.332359
-28.323137
-30.041105
-31.469761
-32.595379
-33.407158
-33.897301
-34.061111
-33.897022
-33.406612
-32.594604
-31.468794
-30.040007
-28.321978
-26.331219
-24.086870
-21.610514
-18.925962
-16.059034
-13.037300
-9.889820
-6.646860
-3.339614
-3.683833
-7.332144
-10.909760
-14.382196
-17.715992
-20.879028
-23.840849
-26.572943
-29.049019
-31.245262
-33.140556
-34.716690
-35.958515
-36.854107
-37.394867
-37.575607
-37.394600
-36.853580
-35.957764
-34.715752
-33.139492
-31.244137
-29.047911
-26.571932
-23.840014
-20.878431
-17.715672
-14.382157
-10.909950
-7.332447
-3.684063
-4.063818
-8.088458
-12.035121
-15.865769
-19.543495
-23.032867
-26.300285
-29.314295
-32.045891
-34.468792
-36.559708
-38.298527
-39.668545
-40.656601
-41.253197
-41.452614
-41.252937
-40.656090
-39.667820
-38.297623
-36.558678
-34.467709
-32.044823
-29.313320
-26.299479
-23.032291
-19.543186
-15.865732
-12.035304
-8.088750
-4.064041
-4.482999
-8.922783
-13.276560
-17.502371
-21.559502
-25.408869
-29.013407
-32.338409
-35.351883
-38.024826
-40.331532
-42.249825
-43.761257
-44.851311
-45.509506
-45.729523
-45.509254
-44.850822
-43.760559
-42.248955
-40.330547
-38.023785
-35.350857
-32.337475
-29.012632
-25.408316
-21.559206
-17.502335
-13.276735
-8.923063
-4.483212
-4.945417
-9.843169
-14.646051
-19.307785
-23.783457
-28.029955
-32.006386
-35.674465
-38.998886
-41.947659
-44.492420
-46.608696
-48.276131
-49.478703
-50.204845
-50.447590
-50.204609
-49.478233
-48.275463
-46.607864
-44.491478
-41.946667
-38.997906
-35.673569
-32.005646
-28.029427
-23.783175
-19.307751
-14.646220
-9.843436
-4.945621
-5.455535
-10.858493
-16.156809
-21.299431
-26.236815
-30.921406
-35.308090
-39.354630
-43.022076
-46.275135
-49.082504
-51.417183
-53.256714
-54.583408
-55.384514
-55.652332
-55.384289
-54.582970
-53.256084
-51.416397
-49.081615
-46.274193
-43.021149
-39.353786
-35.307392
-30.920906
-26.236547
-21.299397
-16.156967
-10.858746
-5.455728
-6.018271
-11.978548
-17.823401
-23.496515
-28.943241
-34.111114
-38.950371
-43.414413
-47.460266
-51.048996
-54.146065
-56.721676
-58.751053
-60.214676
-61.098473
-61.393948
-61.098259
-60.214260
-58.750458
-56.720940
-54.145226
-51.048111
-47.459396
-43.413620
-38.949715
-34.110645
-28.942989
-23.496483
-17.823549
-11.978786
-6.018452
-6.639055
-13.214140
-19.661905
-25.920235
-31.928839
-37.629848
-42.968361
-47.892967
-52.356266
-56.315292
-59.731937
-62.573334
-64.812141
-66.426819
-67.401840
-67.727821
-67.401642
-66.426437
-64.811592
-62.572651
-59.731163
-56.314472
-52.355461
-47.892235
-42.967751
-37.629414
-31.928606
-25.920204
-19.662045
-13.214360
-6.639223
-7.323874
-14.577187
-21.690058
-28.593966
-35.222412
-41.511547
-47.400814
-52.833500
-57.757301
-62.124817
-65.894012
-69.028610
-71.498451
-73.279762
-74.355415
-74.715057
-74.355232
-73.279411
-71.497948
-69.027985
-65.893303
-62.124069
-57.756565
-52.832829
-47.400257
-41.511150
-35.222198
-28.593939
-21.690184
-14.577388
-7.324028
-8.079335
-16.080835
-23.927420
-31.543503
-38.855724
-45.793659
-52.290493
-58.283665
-63.715469
-68.533615
-72.691727
-76.149765
-78.874466
-80.839607
-82.026268
-82.423042
-82.026108
-80.839294
-78.874023
-76.149208
-72.691086
-68.532944
-63.714809
-58.283062
-52.289993
-45.793304
-38.855534
-31.543478
-23.927532
-16.081017
-8.079473
-8.912724
-17.739592
-26.395573
-34.797295
-42.863827
-50.517483
-57.684559
-64.296028
-70.288246
-75.603508
-80.190643
-84.005501
-87.011353
-89.179276
-90.488403
-90.926132
-90.488266
-89.179001
-87.010963
-84.005013
-80.190086
-75.602921
-70.287666
-64.295509
-57.684124
-50.517174
-42.863659
-34.797272
-26.395672
-17.739748
-8.912844
-9.832081
-19.569454
-29.118328
-38.386726
-47.285381
-55.728592
-63.635044
-70.928596
-77.539024
-83.402679
-88.463104
-92.671577
-95.987587
-98.379219
-99.823441
-100.306358
-99.823326
-98.378990
-95.987259
-92.671173
-88.462639
-83.402191
-77.538544
-70.928162
-63.634678
-55.728333
-47.285244
-38.386707
-29.118410
-19.569586
-9.832181
-10.846273
-21.588076
-32.121944
-42.346424
-52.163040
-61.477245
-70.199348
-78.245346
-85.537758
-92.006378
-97.588905
-102.231606
-105.889763
-108.528175
-110.121429
-110.654190
-110.121330
-108.527992
-105.889504
-102.231285
-97.588547
-92.005989
-85.537384
-78.244995
-70.199059
-61.477043
-52.162930
-42.346409
-32.122009
-21.588179
-10.846352
-11.965084
-23.814928
-35.435398
-46.714584
-57.543846
-67.818901
-77.440788
-86.316841
-94.361595
-101.497581
-107.656075
-112.777786
-116.813393
-119.724037
-121.481697
-122.069443
-121.481628
-119.723907
-116.813209
-112.777565
-107.655823
-101.497315
-94.361336
-86.316605
-77.440582
-67.818756
-57.543770
-46.714573
-35.435444
-23.814999
-11.965139
-13.199306
-26.271488
-39.090652
-51.533337
-63.479713
-74.814728
-85.429214
-95.220955
-104.095657
-111.967850
-118.761719
-124.411858
-128.863846
-132.074814
-134.013824
-134.662247
-134.013794
-132.074737
-128.863754
-124.411743
-118.761589
-111.967705
-104.095520
-95.220833
-85.429108
-74.814651
-63.479671
-51.533333
-39.090675
-26.271526
-13.199334
0.000000
0.000000
0.000000
0.000000
0.000000
0.000000
0.000000
0.000000
1.000000
1.000000
1.000000
1.000000
1.000000
1.000000
1.000000
1.000000
0.000000
0.000000
0.000000
0.000000
0.000000
0.000000
0.000000
0.000000
0.000000
0.000000
0.000000
0.000000
0.000000
0.000000
0.000000
0.000000
0.000000
0.000000
0.000000
0.000000
0.000000
0.000000
0.000000
0.000000
0.000000
0.000000
0.000000
0.000000
0.000000
0.000000
0.000000
0.000000
0.000000
0.000000
0.000000
0.000000
0.000000
0.000000
0.000000
0.000000
0.000000
0.000000
0.000000
0.000000
0.000000
0.000000
0.000000
0.000000
0.000000
0.000000
0.000000
0.000000
0.000000
0.000000
0.000000
0.000000
0.000000
0.000000
0.000000
0.000000
0.000000
0.000000
0.000000
0.000000
0.000000
0.000000
0.000000
0.000000
0.000000
0.000000
0.000000
0.000000
0.000000
0.000000
0.000000
0.000000
0.000000
0.000000
0.000000
0.000000
0.000000
0.000000
0.000000
0.000000
0.000000
0.000000
0.000000
0.000000
0.000000
0.000000
0.000000
0.000000
0.000000
0.000000
0.000000
0.000000
0.000000
0.000000
0.000000
0.000000
0.000000
0.000000
0.000000
0.000000
0.000000
0.000000
0.000000
0.000000
0.000000
0.000000
0.000000
0.000000
0.000000
0.000000
0.000000
0.000000
0.000000
0.000000
0.000000
0.000000
0.000000
0.000000
0.000000
0.000000
0.000000
0.000000
0.000000
0.000000
0.000000
0.000000
0.000000
0.000000
0.000000
0.000000
0.000000
0.000000
0.000000
0.000000
0.000000
0.000000
0.000000
0.000000
0.000000
0.000000
0.000000
0.000000
0.000000
0.000000
0.000000
0.000000
0.000000
0.000000
0.000000
0.000000
0.000000
0.000000
0.000000
0.000000
0.000000
0.000000
0.000000
0.000000
0.000000
0.000000
0.000000
0.000000
0.000000
0.000000
0.000000
0.000000
0.000000
0.000000
0.000000
0.000000
0.000000
0.000000
0.000000
0.000000
0.000000
0.000000
0.000000
0.000000
0.000000
0.000000
0.000000
0.000000
0.000000
0.000000
0.000000
0.000000
0.000000
0.000000
0.000000
0.000000
0.000000
0.000000
0.000000
0.000000
0.000000
0.000000
0.000000
0.000000
0.000000
0.000000
0.000000
0.000000
0.000000
0.000000
0.000000
0.000000
0.000000
0.000000
0.000000
0.000000
0.000000
0.000000
0.000000
0.000000
0.000000
0.000000
0.000000
0.000000
0.000000
0.000000
0.000000
0.000000
0.000000
0.000000
0.000000
0.000000
0.000000
0.000000
0.000000
0.000000
0.000000
0.000000
0.000000
0.000000
0.000000
0.000000
0.000000
0.000000
0.000000
0.000000
0.000000
0.000000
0.000000
0.000000
0.000000
0.000000
0.000000
0.000000
0.000000
0.000000
0.000000
0.000000
0.000000
0.000000
0.000000
0.000000
0.000000
0.000000
0.000000
0.000000
0.000000
0.000000
0.000000
0.000000
0.000000
0.000000
0.000000
0.000000
0.000000
0.000000
0.000000
0.000000
0.000000
0.000000
0.000000
0.000000
0.000000
0.000000
0.000000
0.000000
0.000000
0.000000
0.000000
0.000000
0.000000
0.000000
0.000000
0.000000
0.000000
0.000000
0.000000
0.000000
0.000000
0.000000
0.000000
0.000000
0.000000
0.000000
0.000000
0.000000
0.000000
0.000000
0.000000
0.000000
0.000000
0.000000
0.000000
0.000000
0.000000
0.000000
0.000000
0.000000
0.000000
0.000000
0.000000
0.000000
0.000000
0.000000
0.000000
0.000000
0.000000
0.000000
0.000000
0.000000
0.000000
0.000000
0.000000
0.000000
0.000000
0.000000
0.000000
0.000000
0.000000
0.000000
0.000000
0.000000
0.000000
0.000000
0.000000
0.000000
0.000000
0.000000
0.000000
0.000000
0.000000
0.000000
0.000000
0.000000
0.000000
0.000000
0.000000
0.000000
0.000000
0.000000
0.000000
0.000000
0.000000
0.000000
0.000000
0.000000
0.000000
0.000000
0.000000
0.000000
0.000000
0.000000
0.000000
0.000000
0.000000
0.000000
0.000000
0.000000
0.000000
0.000000
0.000000
0.000000
0.000000
0.000000
0.000000
0.000000
0.000000
0.000000
0.000000
0.000000
0.000000
0.000000
0.000000
0.000000
0.000000
0.000000
0.000000
0.000000
0.000000
0.000000
0.000000
0.000000
0.000000
0.000000
0.000000
0.000000
0.000000
0.000000
0.000000
0.000000
0.000000
0.000000
0.000000
0.000000
0.000000
0.000000
0.000000
0.000000
0.000000
0.000000
0.000000
0.000000
0.000000
0.000000
0.000000
0.000000
0.000000
0.000000
0.000000
0.000000
0.000000
0.000000
0.000000
0.000000
0.000000
0.000000
0.000000
0.000000
0.000000
0.000000
0.000000
0.000000
0.000000
0.000000
0.000000
0.000000
0.000000
0.000000
0.000000
0.000000
0.000000
0.000000
0.000000
0.000000
0.000000
0.000000
0.000000
0.000000
0.000000
0.000000
0.000000
0.000000
0.000000
0.000000
0.000000
0.000000
0.000000
0.000000
0.000000
0.000000
0.000000
0.000000
0.000000
0.000000
0.000000
0.000000
0.000000
0.000000
0.000000
0.000000
0.000000
0.000000
0.000000
0.000000
0.000000
0.000000
0.000000
0.000000
0.000000
0.000000
0.000000
0.000000
0.000000
0.000000
0.000000
0.000000
0.000000
0.000000
0.000000
0.000000
0.000000
0.000000
0.000000
0.000000
0.000000
0.000000
0.000000
0.000000
0.000000
0.000000
0.000000
0.000000
0.000000
0.000000
0.000000
0.000000
0.000000
0.000000
0.000000
0.000000
0.000000
0.000000
0.000000
0.000000
0.000000
0.000000
0.000000
0.000000
0.000000
0.000000
0.000000
0.000000
0.000000
0.000000
0.000000
0.000000
0.000000
0.000000
0.000000
0.000000
0.000000
0.000000
0.000000
0.000000
0.000000
0.000000
0.000000
0.000000
0.000000
0.000000
0.000000
0.000000
0.000000
0.000000
0.000000
0.000000
0.000000
0.000000
0.000000
0.000000
0.000000
0.000000
0.000000
0.000000
0.000000
0.000000
0.000000
0.000000
0.000000
0.000000
0.000000
0.000000
0.000000
0.000000
0.000000
0.000000
0.000000
0.000000
0.000000
0.000000
0.000000
0.000000
0.000000
0.000000
0.000000
0.000000
0.000000
0.000000
0.000000
0.000000
0.000000
0.000000
0.000000
0.000000
0.000000
0.000000
0.000000
0.000000
0.000000
0.000000
0.000000
0.000000
0.000000
0.000000
0.000000
0.000000
0.000000
0.000000
0.000000
0.000000
0.000000
0.000000
0.000000
0.000000
0.000000
0.000000
0.000000
0.000000
0.000000
0.000000
0.000000
0.000000
0.000000
0.000000
0.000000
0.000000
0.000000
0.000000
0.000000
0.000000
0.000000
0.000000
0.000000
0.000000
0.000000
0.000000
0.000000
0.000000
0.000000
0.000000
0.000000
0.000000
0.000000
0.000000
0.000000
0.000000
0.000000
0.000000
0.000000
0.000000
0.000000
0.000000
0.000000
0.000000
0.000000
0.000000
0.000000
0.000000
0.000000
0.000000
0.000000
0.000000
0.000000
0.000000
0.000000
0.000000
0.000000
0.000000
0.000000
0.000000
0.000000
0.000000
0.000000
0.000000
0.000000
0.000000
0.000000
0.000000
0.000000
0.000000
0.000000
0.000000
0.000000
0.000000
0.000000
0.000000
0.000000
0.000000
0.000000
0.000000
0.000000
0.000000
0.000000
0.000000
0.000000
0.000000
0.000000
0.000000
0.000000
0.000000
0.000000
0.000000
0.000000
0.000000
0.000000
0.000000
0.000000
0.000000
0.000000
0.000000
0.000000
0.000000
0.000000
0.000000
0.000000
0.000000
0.000000
0.000000
0.000000
0.000000
0.000000
0.000000
0.000000
0.000000
0.000000
0.000000
0.000000
0.000000
0.000000
0.000000
0.000000
0.000000
0.000000
0.000000
0.000000
0.000000
0.000000
0.000000
0.000000
0.000000
0.000000
0.000000
0.000000
0.000000
0.000000
0.000000
0.000000
0.000000
0.000000
0.000000
0.000000
0.000000
0.000000
0.000000
0.000000
0.000000
0.000000
0.000000
0.000000
0.000000
0.000000
0.000000
0.000000
0.000000
0.000000
0.000000
0.000000
0.000000
0.000000
0.000000
0.000000
0.000000
0.000000
0.000000
0.000000
0.000000
0.000000
0.000000
0.000000
0.000000
0.000000
0.000000
0.000000
0.000000
0.000000
0.000000
0.000000
0.000000
0.000000
0.000000
0.000000
0.000000
0.000000
0.000000
0.000000
0.000000
0.000000
0.000000
0.000000
0.000000
0.000000
0.000000
0.000000
0.000000
0.000000
0.000000
0.000000
0.000000
0.000000
0.000000
0.000000
0.000000
0.000000
0.000000
0.000000
0.000000
0.000000
0.000000
0.000000
0.000000
0.000000
0.000000
0.000000
0.000000
0.000000
0.000000
0.000000
0.000000
0.000000
0.000000
0.000000
0.000000
0.000000
0.000000
0.000000
0.000000
0.000000
0.000000
0.000000
0.000000
0.000000
0.000000
0.000000
0.000000
0.000000
0.000000
0.000000
0.000000
0.000000
0.000000
0.000000
0.000000
0.000000
0.000000
0.000000
0.000000
0.000000
0.000000
0.000000
0.000000
0.000000
0.000000
0.000000
0.000000
0.000000
0.000000
0.000000
0.000000
0.000000
0.000000
0.000000
0.000000
0.000000
0.000000
0.000000
0.000000
0.000000
0.000000
0.000000
0.000000
0.000000
0.000000
0.000000
0.000000
0.000000
0.000000
0.000000
0.000000
0.000000
0.000000
0.000000
0.000000
0.000000
0.000000
0.000000
0.000000
0.000000
0.000000
0.000000
0.000000
0.000000
0.000000
0.000000
0.000000
0.000000
0.000000
0.000000
0.000000
0.000000
0.000000
0.000000
0.000000
0.000000
0.000000
0.000000
0.000000
0.000000
0.000000
0.000000
0.000000
0.000000
0.000000
0.000000
0.000000
0.000000
0.000000
0.000000
0.000000
0.000000
0.000000
0.000000
0.000000
0.000000
0.000000
0.000000
0.000000
0.000000
0.000000
0.000000
0.000000
0.000000
0.000000
0.000000
0.000000
0.000000
0.000000
0.000000
0.000000
0.000000
0.000000
0.000000
0.000000
0.000000
0.000000
0.000000
0.000000
0.000000
0.000000
0.000000
0.000000
0.000000
0.000000
0.000000
0.000000
0.000000
0.000000
0.000000
0.000000
0.000000
0.000000
0.000000
0.000000
0.000000
0.000000
0.000000
0.000000
0.000000
0.000000
0.000000
0.000000
0.000000
0.000000
0.000000
0.000000
0.000000
0.000000
0.000000
0.000000
0.000000
0.000000
0.000000
0.000000
0.000000
0.000000
0.000000
0.000000
0.000000
0.000000
0.000000
0.000000
0.000000
0.000000
0.000000
0.000000
0.000000
0.000000
0.000000
0.000000
0.000000
0.000000
0.000000
0.000000
0.000000
0.000000
0.000000
0.000000
0.000000
0.000000
0.000000
0.000000
0.000000
0.000000
0.000000
0.000000
0.000000
0.000000
0.000000
0.000000
0.000000
0.000000
0.000000
0.000000
0.000000
0.000000
0.000000
0.000000
0.000000
0.000000
0.000000
0.000000
0.000000
0.000000
0.000000
0.000000
0.000000
0.000000
0.000000
0.000000
0.000000
0.000000
0.000000
0.000000
0.000000
0.000000
0.000000
0.000000
0.000000
0.000000
0.000000
0.000000
0.000000
0.000000
0.000000
0.000000
0.000000
0.000000
0.000000
0.000000
0.000000
0.000000
0.000000
0.000000
0.000000
0.000000
0.000000
0.000000
0.000000
0.000000
0.000000
0.000000
0.000000
0.000000
0.000000
0.000000
0.000000
0.000000
0.000000
0.000000
0.000000
0.000000
0.000000
1.000000
1.000000
1.000000
1.000000
1.000000
1.000000
1.000000
1.000000
1.000000
1.000000
1.000000
1.000000
1.000000
1.000000
1.000000
1.000000
1.000000
1.000000
1.000000
1.000000
1.000000
1.000000
1.000000
1.000000
1.000000
1.000000
1.000000
1.000000
1.000000
1.000000
1.000000
1.000000
1.000000
1.000000
1.000000
1.000000
1.000000
1.000000
1.000000
1.000000
1.000000
1.000000
1.000000
1.000000
1.000000
1.000000
1.000000
1.000000
1.000000
1.000000
1.000000
1.000000
1.000000
1.000000
1.000000
1.000000
1.000000
1.000000
1.000000
1.000000
1.000000
1.000000
1.000000
1.000000
1.000000
1.000000
1.000000
1.000000
1.000000
1.000000
1.000000
1.000000
1.000000
1.000000
1.000000
1.000000
1.000000
1.000000
1.000000
1.000000
1.000000
1.000000
1.000000
1.000000
1.000000
1.000000
1.000000
1.000000
1.000000
1.000000
1.000000
1.000000
1.000000
1.000000
1.000000
1.000000
1.000000
1.000000
1.000000
1.000000
1.000000
1.000000
1.000000
1.000000
1.000000
1.000000
1.000000
1.000000
1.000000
1.000000
1.000000
1.000000
1.000000
1.000000
1.000000
1.000000
1.000000
1.000000
1.000000
1.000000
1.000000
1.000000
1.000000
1.000000
1.000000
1.000000
1.000000
1.000000
1.000000
1.000000
1.000000
1.000000
1.000000
1.000000
1.000000
1.000000
1.000000
1.000000
1.000000
1.000000
1.000000
1.000000
1.000000
1.000000
1.000000
1.000000
1.000000
1.000000
1.000000
1.000000
1.000000
1.000000
1.000000
1.000000
1.000000
1.000000
1.000000
1.000000
1.000000
1.000000
1.000000
1.000000
1.000000
1.000000
1.000000
1.000000
1.000000
1.000000
1.000000
1.000000
1.000000
1.000000
1.000000
1.000000
1.000000
1.000000
1.000000
1.000000
1.000000
1.000000
1.000000
1.000000
1.000000
1.000000
1.000000
1.000000
1.000000
1.000000
1.000000
1.000000
1.000000
1.000000
1.000000
1.000000
1.000000
1.000000
1.000000
1.000000
1.000000
1.000000
1.000000
1.000000
1.000000
1.000000
1.000000
1.000000
1.000000
1.000000
1.000000
1.000000
1.000000
1.000000
1.000000
1.000000
1.000000
1.000000
1.000000
1.000000
1.000000
1.000000
1.000000
1.000000
1.000000
1.000000
1.000000
1.000000
1.000000
1.000000
1.000000
1.000000
1.000000
1.000000
1.000000
1.000000
1.000000
1.000000
1.000000
1.000000
1.000000
1.000000
1.000000
1.000000
1.000000
1.000000
1.000000
1.000000
1.000000
1.000000
1.000000
1.000000
1.000000
1.000000
1.000000
1.000000
1.000000
1.000000
1.000000
1.000000
1.000000
1.000000
1.000000
1.000000
1.000000
1.000000
1.000000
1.000000
1.000000
1.000000
1.000000
1.000000
1.000000
1.000000
1.000000
1.000000
1.000000
1.000000
1.000000
1.000000
1.000000
1.000000
1.000000
1.000000
1.000000
1.000000
1.000000
1.000000
1.000000
1.000000
1.000000
1.000000
1.000000
1.000000
1.000000
1.000000
1.000000
1.000000
1.000000
1.000000
1.000000
1.000000
1.000000
1.000000
1.000000
1.000000
1.000000
1.000000
1.000000
1.000000
1.000000
1.000000
1.000000
1.000000
1.000000
1.000000
1.000000
1.000000
1.000000
1.000000
1.000000
1.000000
1.000000
1.000000
1.000000
1.000000
1.000000
1.000000
1.000000
1.000000
1.000000
1.000000
1.000000
1.000000
1.000000
1.000000
1.000000
1.000000
1.000000
1.000000
1.000000
1.000000
1.000000
1.000000
1.000000
1.000000
1.000000
1.000000
1.000000
1.000000
1.000000
1.000000
1.000000
1.000000
1.000000
1.000000
1.000000
1.000000
1.000000
1.000000
1.000000
1.000000
1.000000
1.000000
1.000000
1.000000
1.000000
1.000000
1.000000
1.000000
1.000000
1.000000
1.000000
1.000000
1.000000
1.000000
1.000000
1.000000
1.000000
1.000000
1.000000
1.000000
1.000000
1.000000
1.000000
1.000000
1.000000
1.000000
1.000000
1.000000
1.000000
1.000000
1.000000
1.000000
1.000000
1.000000
1.000000
1.000000
1.000000
1.000000
1.000000
1.000000
1.000000
1.000000
1.000000
1.000000
1.000000
1.000000
1.000000
1.000000
1.000000
1.000000
1.000000
1.000000
1.000000
1.000000
1.000000
1.000000
1.000000
1.000000
1.000000
1.000000
1.000000
1.000000
1.000000
1.000000
1.000000
1.000000
1.000000
1.000000
1.000000
1.000000
1.000000
1.000000
1.000000
1.000000
1.000000
1.000000
1.000000
1.000000
1.000000
1.000000
1.000000
1.000000
1.000000
1.000000
1.000000
1.000000
1.000000
1.000000
1.000000
1.000000
1.000000
1.000000
1.000000
1.000000
1.000000
1.000000
1.000000
1.000000
1.000000
1.000000
1.000000
1.000000
1.000000
1.000000
1.000000
1.000000
1.000000
1.000000
1.000000
1.000000
1.000000
1.000000
1.000000
1.000000
1.000000
1.000000
1.000000
1.000000
1.000000
1.000000
1.000000
1.000000
1.000000
1.000000
1.000000
1.000000
1.000000
1.000000
1.000000
1.000000
1.000000
1.000000
1.000000
1.000000
1.000000
1.000000
1.000000
1.000000
1.000000
1.000000
1.000000
1.000000
1.000000
1.000000
1.000000
1.000000
1.000000
1.000000
1.000000
1.000000
1.000000
1.000000
1.000000
1.000000
1.000000
1.000000
1.000000
1.000000
1.000000
1.000000
1.000000
1.000000
1.000000
1.000000
1.000000
1.000000
1.000000
1.000000
1.000000
1.000000
1.000000
1.000000
1.000000
1.000000
1.000000
1.000000
1.000000
1.000000
1.000000
1.000000
1.000000
1.000000
1.000000
1.000000
1.000000
1.000000
1.000000
1.000000
1.000000
1.000000
1.000000
1.000000
1.000000
1.000000
1.000000
1.000000
1.000000
1.000000
1.000000
1.000000
1.000000
1.000000
1.000000
1.000000
1.000000
1.000000
1.000000
1.000000
1.000000
1.000000
1.000000
1.000000
1.000000
1.000000
1.000000
1.000000
1.000000
1.000000
1.000000
1.000000
1.000000
1.000000
1.000000
1.000000
1.000000
1.000000
1.000000
1.000000
1.000000
1.000000
1.000000
1.000000
1.000000
1.000000
1.000000
1.000000
1.000000
1.000000
1.000000
1.000000
1.000000
1.000000
1.000000
1.000000
1.000000
1.000000
1.000000
1.000000
1.000000
1.000000
1.000000
1.000000
1.000000
1.000000
1.000000
1.000000
1.000000
1.000000
1.000000
1.000000
1.000000
1.000000
1.000000
1.000000
1.000000
1.000000
1.000000
1.000000
1.000000
1.000000
1.000000
1.000000
1.000000
1.000000
1.000000
1.000000
1.000000
1.000000
1.000000
1.000000
1.000000
1.000000
1.000000
1.000000
1.000000
1.000000
1.000000
1.000000
1.000000
1.000000
1.000000
1.000000
1.000000
1.000000
1.000000
1.000000
1.000000
1.000000
1.000000
1.000000
1.000000
1.000000
1.000000
1.000000
1.000000
1.000000
1.000000
1.000000
1.000000
1.000000
1.000000
1.000000
1.000000
1.000000
1.000000
1.000000
1.000000
1.000000
1.000000
1.000000
1.000000
1.000000
1.000000
1.000000
1.000000
1.000000
1.000000
1.000000
1.000000
1.000000
1.000000
1.000000
1.000000
1.000000
1.000000
1.000000
1.000000
1.000000
1.000000
1.000000
1.000000
1.000000
1.000000
1.000000
1.000000
1.000000
1.000000
1.000000
1.000000
1.000000
1.000000
1.000000
1.000000
1.000000
1.000000
1.000000
1.000000
1.000000
1.000000
1.000000
1.000000
1.000000
1.000000
1.000000
1.000000
1.000000
1.000000
1.000000
1.000000
1.000000
1.000000
1.000000
1.000000
1.000000
1.000000
1.000000
1.000000
1.000000
1.000000
1.000000
1.000000
1.000000
1.000000
1.000000
1.000000
1.000000
1.000000
1.000000
1.000000
1.000000
1.000000
1.000000
1.000000
1.000000
1.000000
1.000000
1.000000
1.000000
1.000000
1.000000
1.000000
1.000000
1.000000
1.000000
1.000000
1.000000
1.000000
1.000000
1.000000
1.000000
1.000000
1.000000
1.000000
1.000000
1.000000
1.000000
1.000000
1.000000
1.000000
1.000000
1.000000
1.000000
1.000000
1.000000
1.000000
1.000000
1.000000
1.000000
1.000000
1.000000
1.000000
1.000000
1.000000
1.000000
1.000000
1.000000
1.000000
1.000000
1.000000
1.000000
1.000000
1.000000
1.000000
1.000000
1.000000
1.000000
1.000000
1.000000
1.000000
1.000000
1.000000
1.000000
1.000000
1.000000
1.000000
1.000000
1.000000
1.000000
1.000000
1.000000
1.000000
1.000000
1.000000
1.000000
1.000000
1.000000
1.000000
1.000000
1.000000
1.000000
1.000000
1.000000
1.000000
1.000000
1.000000
1.000000
1.000000
1.000000
1.000000
1.000000
1.000000
1.000000
1.000000
1.000000
1.000000
1.000000
1.000000
1.000000
1.000000
1.000000
1.000000
1.000000
1.000000
1.000000
1.000000
1.000000
1.000000
1.000000
1.000000
1.000000
1.000000
1.000000
1.000000
1.000000
1.000000
1.000000
1.000000
1.000000
1.000000
1.000000
1.000000
1.000000
1.000000
1.000000
1.000000
1.000000
1.000000
1.000000
1.000000
1.000000
1.000000
1.000000
1.000000
1.000000
1.000000
1.000000
1.000000
1.000000
1.000000
1.000000
1.000000
1.000000
1.000000
1.000000
1.000000
1.000000
1.000000
1.000000
1.000000
1.000000
1.000000
1.000000
1.000000
1.000000
1.000000
1.000000
1.000000
1.000000
1.000000
1.000000
1.000000
1.000000
1.000000
1.000000
1.000000
1.000000
1.000000
1.000000
1.000000
1.000000
1.000000
1.000000
1.000000
1.000000
1.000000
1.000000
1.000000
1.000000
1.000000
1.000000
1.000000
1.000000
1.000000
1.000000
1.000000
1.000000
1.000000
1.000000
1.000000
1.000000
1.000000
1.000000
1.000000
1.000000
1.000000
1.000000
1.000000
1.000000
1.000000
1.000000
1.000000
1.000000
1.000000
1.000000
1.000000
1.000000
1.000000
1.000000
1.000000
1.000000
1.000000
1.000000
1.000000
1.000000
1.000000
1.000000
1.000000
1.000000
1.000000
1.000000
1.000000
1.000000
1.000000
1.000000
1.000000
1.000000
1.000000
1.000000
1.000000
1.000000
1.000000
1.000000
1.000000
1.000000
1.000000
1.000000
1.000000
1.000000
1.000000
1.000000
1.000000
1.000000
1.000000
1.000000
1.000000
1.000000
1.000000
1.000000
1.000000
1.000000
1.000000
1.000000
1.000000
1.000000
1.000000
1.000000
1.000000
1.000000
1.000000
1.000000
1.000000
1.000000
1.000000
1.000000
1.000000
1.000000
1.000000
1.000000
1.000000
1.000000
1.000000
1.000000
1.000000
1.000000
1.000000
1.000000
1.000000
1.000000
1.000000
1.000000
1.000000
1.000000
1.000000
1.000000
1.000000
1.000000
1.000000
1.000000
1.000000
1.000000
1.000000
1.000000
1.000000
1.000000
1.000000
1.000000
1.000000
1.000000
1.000000
1.000000
1.000000
1.000000
1.000000
1.000000
1.000000
1.000000
1.000000
1.000000
1.000000
1.000000
1.000000
1.000000
1.000000
1.000000
1.000000
1.000000
1.000000
1.000000
1.000000
1.000000
1.000000
1.000000
1.000000
1.000000
1.000000
1.000000
1.000000
1.000000
1.000000
1.000000
1.000000
1.000000
1.000000
1.000000
1.000000
1.000000
1.000000
1.000000
1.000000
3114
3115
3116
3117
3118
3119
3121
3123
3120
3122
3125
3126
3124
3127
3130
3128
3129
3131
3135
3132
3136
3133
3134
3137
3138
3139
3140
3141
3142
3143
3144
3145
3146
3147
3148
3149
3150
3151
3152
3153
3154
3155
3156
3157
3158
3159
3160
3161
3162
3163
3164
3165
3166
3167
3168
3169
3170
3171
3172
3173
3174
3175
3176
3177
3112
3113
3114
3115
3116
3117
3118
3119
3120
3121
3122
3123
3124
3125
3126
3127
3128
3129
3130
3131
3132
3133
3134
3135
3136
3137
3138
3139
3140
3141
3142
3143
3144
3145
3146
3147
3148
3149
3150
3151
3152
3153
3154
3155
3156
3157
3158
3159
3160
3161
3162
3163
3164
3165
3166
3167
3168
3169
3170
3171
3172
3173
3174
3175
01
01
01
01
01
01
01
01
01
01
01
01
01
01
01
01
01
01
01
01
01
01
01
01
01
01
01
01
01
01
01
01
01
01
01
01
01
01
01
01
01
01
01
01
01
01
01
01
01
01
01
01
01
01
01
01
01
01
01
01
01
01
01
01
166 194 1314 1286 
194 223 1343 1314 
195 1315 1344 224 
223 252 1372 1343 
224 1344 1373 253 
252 281 1401 1372 
253 1373 1402 282 
7 8 16 15 
281 7 15 1401 
282 1402 1430 310 
310 1430 1458 338 
337 365 1485 1457 
8 337 1457 16 
338 1458 1487 367 
366 367 1487 1486 
365 394 1514 1485 
366 1486 1515 395 
394 423 1543 1514 
424 425 1545 1544 
395 1515 1546 426 
425 426 1546 1545 
423 454 1574 1543 
424 1544 1575 455 
454 485 1605 1574 
455 1575 1606 486 
485 516 1636 1605 
486 1606 1637 517 
516 547 1667 1636 
517 1637 1668 548 
547 578 1698 1667 
548 1668 1699 579 
578 609 1729 1698 
579 1699 1730 610 
609 640 1760 1729 
610 1730 1761 641 
640 671 1791 1760 
641 1761 1792 672 
671 702 1822 1791 
672 1792 1823 703 
702 733 1853 1822 
703 1823 1854 734 
733 764 1884 1853 
734 1854 1885 765 
764 795 1915 1884 
765 1885 1916 796 
795 826 1946 1915 
796 1916 1947 827 
826 857 1977 1946 
827 1947 1978 858 
857 888 2008 1977 
858 1978 2009 889 
888 919 2039 2008 
889 2009 2040 920 
919 950 2070 2039 
920 2040 2071 951 
950 981 2101 2070 
951 2071 2102 982 
981 1012 2132 2101 
982 2102 2133 1013 
1012 1043 2163 2132 
1013 2133 2164 1044 
1043 1074 2194 2163 
1044 2164 1106 1075 
1074 1105 1136 2194 
